1 , 1000
2 , 1001
3 , 1002
4 , 1003
5 , 1004
6 , 1005
7 , 1006
8 , 1007
9 , 1008
10 , 1009
11 , 1010
12 , 1011
13 , 1012
14 , 1013
15 , 1014
16 , 1015
17 , 1016
18 , 1017
19 , 1018
20 , 1019
21 , 1020
22 , 1021
23 , 1022
24 , 1023
25 , 1024
26 , 1025
27 , 1026
28 , 1027
29 , 1028
30 , 1029
31 , 1030
32 , 1031
33 , 1032
34 , 1033
35 , 1034
36 , 1035
37 , 1036
38 , 1037
39 , 1038
40 , 1039
41 , 1040
42 , 1041
43 , 1042
44 , 1043
45 , 1044
46 , 1045
47 , 1046
48 , 1047
49 , 1048
50 , 1049
51 , 1050
52 , 1051
53 , 1052
54 , 1053
55 , 1054
56 , 1055
57 , 1056
58 , 1057
59 , 1058
60 , 1059
61 , 1060
62 , 1061
63 , 1062
64 , 1063
65 , 1064
66 , 1065
67 , 1066
68 , 1067
69 , 1068
70 , 1069
71 , 1070
72 , 1071
73 , 1072
74 , 1073
75 , 1074
76 , 1075
77 , 1076
78 , 1077
79 , 1078
80 , 1079
81 , 1080
82 , 1081
83 , 1082
84 , 1083
85 , 1084
86 , 1085
87 , 1086
88 , 1087
89 , 1088
90 , 1089
91 , 1090
92 , 1091
93 , 1092
94 , 1093
95 , 1094
96 , 1095
97 , 1096
98 , 1097
99 , 1098
100 , 1099
101 , 1100
102 , 1101
103 , 1102
104 , 1103
105 , 1104
106 , 1105
107 , 1106
108 , 1107
109 , 1108
110 , 1109
111 , 1110
112 , 1111
113 , 1112
114 , 1113
115 , 1114
116 , 1115
117 , 1116
118 , 1117
119 , 1118
120 , 1119
121 , 1120
122 , 1121
123 , 1122
124 , 1123
125 , 1124
126 , 1125
127 , 1126
128 , 1127
129 , 1128
130 , 1129
131 , 1130
132 , 1131
133 , 1132
134 , 1133
135 , 1134
136 , 1135
137 , 1136
138 , 1137
139 , 1138
140 , 1139
141 , 1140
142 , 1141
143 , 1142
144 , 1143
145 , 1144
146 , 1145
147 , 1146
148 , 1147
149 , 1148
150 , 1149
151 , 1150
152 , 1151
153 , 1152
154 , 1153
155 , 1154
156 , 1155
157 , 1156
158 , 1157
159 , 1158
160 , 1159
161 , 1160
162 , 1161
163 , 1162
164 , 1163
165 , 1164
166 , 1165
167 , 1166
168 , 1167
169 , 1168
170 , 1169
171 , 1170
172 , 1171
173 , 1172
174 , 1173
175 , 1174
176 , 1175
177 , 1176
178 , 1177
179 , 1178
180 , 1179
181 , 1180
182 , 1181
183 , 1182
184 , 1183
185 , 1184
186 , 1185
187 , 1186
188 , 1187
189 , 1188
190 , 1189
191 , 1190
192 , 1191
193 , 1192
194 , 1193
195 , 1194
196 , 1195
197 , 1196
198 , 1197
199 , 1198
200 , 1199
201 , 1200
202 , 1201
203 , 1202
204 , 1203
205 , 1204
206 , 1205
207 , 1206
208 , 1207
209 , 1208
210 , 1209
211 , 1210
212 , 1211
213 , 1212
214 , 1213
215 , 1214
216 , 1215
217 , 1216
218 , 1217
219 , 1218
220 , 1219
221 , 1220
222 , 1221
223 , 1222
224 , 1223
225 , 1224
226 , 1225
227 , 1226
228 , 1227
229 , 1228
230 , 1229
231 , 1230
232 , 1231
233 , 1232
234 , 1233
235 , 1234
236 , 1235
237 , 1236
238 , 1237
239 , 1238
240 , 1239
241 , 1240
242 , 1241
243 , 1242
244 , 1243
245 , 1244
246 , 1245
247 , 1246
248 , 1247
249 , 1248
250 , 1249
251 , 1250
252 , 1251
253 , 1252
254 , 1253
255 , 1254
256 , 1255
257 , 1256
258 , 1257
259 , 1258
260 , 1259
261 , 1260
262 , 1261
263 , 1262
264 , 1263
265 , 1264
266 , 1265
267 , 1266
268 , 1267
269 , 1268
270 , 1269
271 , 1270
272 , 1271
273 , 1272
274 , 1273
275 , 1274
276 , 1275
277 , 1276
278 , 1277
279 , 1278
280 , 1279
281 , 1280
282 , 1281
283 , 1282
284 , 1283
285 , 1284
286 , 1285
287 , 1286
288 , 1287
289 , 1288
290 , 1289
291 , 1290
292 , 1291
293 , 1292
294 , 1293
295 , 1294
296 , 1295
297 , 1296
298 , 1297
299 , 1298
300 , 1299
301 , 1300
302 , 1301
303 , 1302
304 , 1303
305 , 1304
306 , 1305
307 , 1306
308 , 1307
309 , 1308
310 , 1309
311 , 1310
312 , 1311
313 , 1312
314 , 1313
315 , 1314
316 , 1315
317 , 1316
318 , 1317
319 , 1318
320 , 1319
321 , 1320
322 , 1321
323 , 1322
324 , 1323
325 , 1324
326 , 1325
327 , 1326
328 , 1327
329 , 1328
330 , 1329
331 , 1330
332 , 1331
333 , 1332
334 , 1333
335 , 1334
336 , 1335
337 , 1336
338 , 1337
339 , 1338
340 , 1339
341 , 1340
342 , 1341
343 , 1342
344 , 1343
345 , 1344
346 , 1345
347 , 1346
348 , 1347
349 , 1348
350 , 1349
351 , 1350
352 , 1351
353 , 1352
354 , 1353
355 , 1354
356 , 1355
357 , 1356
358 , 1357
359 , 1358
360 , 1359
361 , 1360
362 , 1361
363 , 1362
364 , 1363
365 , 1364
366 , 1365
367 , 1366
368 , 1367
369 , 1368
370 , 1369
371 , 1370
372 , 1371
373 , 1372
374 , 1373
375 , 1374
376 , 1375
377 , 1376
378 , 1377
379 , 1378
380 , 1379
381 , 1380
382 , 1381
383 , 1382
384 , 1383
385 , 1384
386 , 1385
387 , 1386
388 , 1387
389 , 1388
390 , 1389
391 , 1390
392 , 1391
393 , 1392
394 , 1393
395 , 1394
396 , 1395
397 , 1396
398 , 1397
399 , 1398
400 , 1399
401 , 1400
402 , 1401
403 , 1402
404 , 1403
405 , 1404
406 , 1405
407 , 1406
408 , 1407
409 , 1408
410 , 1409
411 , 1410
412 , 1411
413 , 1412
414 , 1413
415 , 1414
416 , 1415
417 , 1416
418 , 1417
419 , 1418
420 , 1419
421 , 1420
422 , 1421
423 , 1422
424 , 1423
425 , 1424
426 , 1425
427 , 1426
428 , 1427
429 , 1428
430 , 1429
431 , 1430
432 , 1431
433 , 1432
434 , 1433
435 , 1434
436 , 1435
437 , 1436
438 , 1437
439 , 1438
440 , 1439
441 , 1440
442 , 1441
443 , 1442
444 , 1443
445 , 1444
446 , 1445
447 , 1446
448 , 1447
449 , 1448
450 , 1449
451 , 1450
452 , 1451
453 , 1452
454 , 1453
455 , 1454
456 , 1455
457 , 1456
458 , 1457
459 , 1458
460 , 1459
461 , 1460
462 , 1461
463 , 1462
464 , 1463
465 , 1464
466 , 1465
467 , 1466
468 , 1467
469 , 1468
470 , 1469
471 , 1470
472 , 1471
473 , 1472
474 , 1473
475 , 1474
476 , 1475
477 , 1476
478 , 1477
479 , 1478
480 , 1479
481 , 1480
482 , 1481
483 , 1482
484 , 1483
485 , 1484
486 , 1485
487 , 1486
488 , 1487
489 , 1488
490 , 1489
491 , 1490
492 , 1491
493 , 1492
494 , 1493
495 , 1494
496 , 1495
497 , 1496
498 , 1497
499 , 1498
500 , 1499
501 , 1500
502 , 1501
503 , 1502
504 , 1503
505 , 1504
506 , 1505
507 , 1506
508 , 1507
509 , 1508
510 , 1509
511 , 1510
512 , 1511
513 , 1512
514 , 1513
515 , 1514
516 , 1515
517 , 1516
518 , 1517
519 , 1518
520 , 1519
521 , 1520
522 , 1521
523 , 1522
524 , 1523
525 , 1524
526 , 1525
527 , 1526
528 , 1527
529 , 1528
530 , 1529
531 , 1530
532 , 1531
533 , 1532
534 , 1533
535 , 1534
536 , 1535
537 , 1536
538 , 1537
539 , 1538
540 , 1539
541 , 1540
542 , 1541
543 , 1542
544 , 1543
545 , 1544
546 , 1545
547 , 1546
548 , 1547
549 , 1548
550 , 1549
551 , 1550
552 , 1551
553 , 1552
554 , 1553
555 , 1554
556 , 1555
557 , 1556
558 , 1557
559 , 1558
560 , 1559
561 , 1560
562 , 1561
563 , 1562
564 , 1563
565 , 1564
566 , 1565
567 , 1566
568 , 1567
569 , 1568
570 , 1569
571 , 1570
572 , 1571
573 , 1572
574 , 1573
575 , 1574
576 , 1575
577 , 1576
578 , 1577
579 , 1578
580 , 1579
581 , 1580
582 , 1581
583 , 1582
584 , 1583
585 , 1584
586 , 1585
587 , 1586
588 , 1587
589 , 1588
590 , 1589
591 , 1590
592 , 1591
593 , 1592
594 , 1593
595 , 1594
596 , 1595
597 , 1596
598 , 1597
599 , 1598
600 , 1599
601 , 1600
602 , 1601
603 , 1602
604 , 1603
605 , 1604
606 , 1605
607 , 1606
608 , 1607
609 , 1608
610 , 1609
611 , 1610
612 , 1611
613 , 1612
614 , 1613
615 , 1614
616 , 1615
617 , 1616
618 , 1617
619 , 1618
620 , 1619
621 , 1620
622 , 1621
623 , 1622
624 , 1623
625 , 1624
626 , 1625
627 , 1626
628 , 1627
629 , 1628
630 , 1629
631 , 1630
632 , 1631
633 , 1632
634 , 1633
635 , 1634
636 , 1635
637 , 1636
638 , 1637
639 , 1638
640 , 1639
641 , 1640
642 , 1641
643 , 1642
644 , 1643
645 , 1644
646 , 1645
647 , 1646
648 , 1647
649 , 1648
650 , 1649
651 , 1650
652 , 1651
653 , 1652
654 , 1653
655 , 1654
656 , 1655
657 , 1656
658 , 1657
659 , 1658
660 , 1659
661 , 1660
662 , 1661
663 , 1662
664 , 1663
665 , 1664
666 , 1665
667 , 1666
668 , 1667
669 , 1668
670 , 1669
671 , 1670
672 , 1671
673 , 1672
674 , 1673
675 , 1674
676 , 1675
677 , 1676
678 , 1677
679 , 1678
680 , 1679
681 , 1680
682 , 1681
683 , 1682
684 , 1683
685 , 1684
686 , 1685
687 , 1686
688 , 1687
689 , 1688
690 , 1689
691 , 1690
692 , 1691
693 , 1692
694 , 1693
695 , 1694
696 , 1695
697 , 1696
698 , 1697
699 , 1698
700 , 1699
701 , 1700
702 , 1701
703 , 1702
704 , 1703
705 , 1704
706 , 1705
707 , 1706
708 , 1707
709 , 1708
710 , 1709
711 , 1710
712 , 1711
713 , 1712
714 , 1713
715 , 1714
716 , 1715
717 , 1716
718 , 1717
719 , 1718
720 , 1719
721 , 1720
722 , 1721
723 , 1722
724 , 1723
725 , 1724
726 , 1725
727 , 1726
728 , 1727
729 , 1728
730 , 1729
731 , 1730
732 , 1731
733 , 1732
734 , 1733
735 , 1734
736 , 1735
737 , 1736
738 , 1737
739 , 1738
740 , 1739
741 , 1740
742 , 1741
743 , 1742
744 , 1743
745 , 1744
746 , 1745
747 , 1746
748 , 1747
749 , 1748
750 , 1749
751 , 1750
752 , 1751
753 , 1752
754 , 1753
755 , 1754
756 , 1755
757 , 1756
758 , 1757
759 , 1758
760 , 1759
761 , 1760
762 , 1761
763 , 1762
764 , 1763
765 , 1764
766 , 1765
767 , 1766
768 , 1767
769 , 1768
770 , 1769
771 , 1770
772 , 1771
773 , 1772
774 , 1773
775 , 1774
776 , 1775
777 , 1776
778 , 1777
779 , 1778
780 , 1779
781 , 1780
782 , 1781
783 , 1782
784 , 1783
785 , 1784
786 , 1785
787 , 1786
788 , 1787
789 , 1788
790 , 1789
791 , 1790
792 , 1791
793 , 1792
794 , 1793
795 , 1794
796 , 1795
797 , 1796
798 , 1797
799 , 1798
800 , 1799
801 , 1800
802 , 1801
803 , 1802
804 , 1803
805 , 1804
806 , 1805
807 , 1806
808 , 1807
809 , 1808
810 , 1809
811 , 1810
812 , 1811
813 , 1812
814 , 1813
815 , 1814
816 , 1815
817 , 1816
818 , 1817
819 , 1818
820 , 1819
821 , 1820
822 , 1821
823 , 1822
824 , 1823
825 , 1824
826 , 1825
827 , 1826
828 , 1827
829 , 1828
830 , 1829
831 , 1830
832 , 1831
833 , 1832
834 , 1833
835 , 1834
836 , 1835
837 , 1836
838 , 1837
839 , 1838
840 , 1839
841 , 1840
842 , 1841
843 , 1842
844 , 1843
845 , 1844
846 , 1845
847 , 1846
848 , 1847
849 , 1848
850 , 1849
851 , 1850
852 , 1851
853 , 1852
854 , 1853
855 , 1854
856 , 1855
857 , 1856
858 , 1857
859 , 1858
860 , 1859
861 , 1860
862 , 1861
863 , 1862
864 , 1863
865 , 1864
866 , 1865
867 , 1866
868 , 1867
869 , 1868
870 , 1869
871 , 1870
872 , 1871
873 , 1872
874 , 1873
875 , 1874
876 , 1875
877 , 1876
878 , 1877
879 , 1878
880 , 1879
881 , 1880
882 , 1881
883 , 1882
884 , 1883
885 , 1884
886 , 1885
887 , 1886
888 , 1887
889 , 1888
890 , 1889
891 , 1890
892 , 1891
893 , 1892
894 , 1893
895 , 1894
896 , 1895
897 , 1896
898 , 1897
899 , 1898
900 , 1899
901 , 1900
902 , 1901
903 , 1902
904 , 1903
905 , 1904
906 , 1905
907 , 1906
908 , 1907
909 , 1908
910 , 1909
911 , 1910
912 , 1911
913 , 1912
914 , 1913
915 , 1914
916 , 1915
917 , 1916
918 , 1917
919 , 1918
920 , 1919
921 , 1920
922 , 1921
923 , 1922
924 , 1923
925 , 1924
926 , 1925
927 , 1926
928 , 1927
929 , 1928
930 , 1929
931 , 1930
932 , 1931
933 , 1932
934 , 1933
935 , 1934
936 , 1935
937 , 1936
938 , 1937
939 , 1938
940 , 1939
941 , 1940
942 , 1941
943 , 1942
944 , 1943
945 , 1944
946 , 1945
947 , 1946
948 , 1947
949 , 1948
950 , 1949
951 , 1950
952 , 1951
953 , 1952
954 , 1953
955 , 1954
956 , 1955
957 , 1956
958 , 1957
959 , 1958
960 , 1959
961 , 1960
962 , 1961
963 , 1962
964 , 1963
965 , 1964
966 , 1965
967 , 1966
968 , 1967
969 , 1968
970 , 1969
971 , 1970
972 , 1971
973 , 1972
974 , 1973
975 , 1974
976 , 1975
977 , 1976
978 , 1977
979 , 1978
980 , 1979
981 , 1980
982 , 1981
983 , 1982
984 , 1983
985 , 1984
986 , 1985
987 , 1986
988 , 1987
989 , 1988
990 , 1989
991 , 1990
992 , 1991
993 , 1992
994 , 1993
995 , 1994
996 , 1995
997 , 1996
998 , 1997
999 , 1998
1000 , 1999
1001 , 2000
1002 , 2001
1003 , 2002
1004 , 2003
1005 , 2004
1006 , 2005
1007 , 2006
1008 , 2007
1009 , 2008
1010 , 2009
1011 , 2010
1012 , 2011
1013 , 2012
1014 , 2013
1015 , 2014
1016 , 2015
1017 , 2016
1018 , 2017
1019 , 2018
1020 , 2019
1021 , 2020
1022 , 2021
1023 , 2022
1024 , 2023
1025 , 2024
1026 , 2025
1027 , 2026
1028 , 2027
1029 , 2028
1030 , 2029
1031 , 2030
1032 , 2031
1033 , 2032
1034 , 2033
1035 , 2034
1036 , 2035
1037 , 2036
1038 , 2037
1039 , 2038
1040 , 2039
1041 , 2040
1042 , 2041
1043 , 2042
1044 , 2043
1045 , 2044
1046 , 2045
1047 , 2046
1048 , 2047
1049 , 2048
1050 , 2049
1051 , 2050
1052 , 2051
1053 , 2052
1054 , 2053
1055 , 2054
1056 , 2055
1057 , 2056
1058 , 2057
1059 , 2058
1060 , 2059
1061 , 2060
1062 , 2061
1063 , 2062
1064 , 2063
1065 , 2064
1066 , 2065
1067 , 2066
1068 , 2067
1069 , 2068
1070 , 2069
1071 , 2070
1072 , 2071
1073 , 2072
1074 , 2073
1075 , 2074
1076 , 2075
1077 , 2076
1078 , 2077
1079 , 2078
1080 , 2079
1081 , 2080
1082 , 2081
1083 , 2082
1084 , 2083
1085 , 2084
1086 , 2085
1087 , 2086
1088 , 2087
1089 , 2088
1090 , 2089
1091 , 2090
1092 , 2091
1093 , 2092
1094 , 2093
1095 , 2094
1096 , 2095
1097 , 2096
1098 , 2097
1099 , 2098
1100 , 2099
1101 , 2100
1102 , 2101
1103 , 2102
1104 , 2103
1105 , 2104
1106 , 2105
1107 , 2106
1108 , 2107
1109 , 2108
1110 , 2109
1111 , 2110
1112 , 2111
1113 , 2112
1114 , 2113
1115 , 2114
1116 , 2115
1117 , 2116
1118 , 2117
1119 , 2118
1120 , 2119
1121 , 2120
1122 , 2121
1123 , 2122
1124 , 2123
1125 , 2124
1126 , 2125
1127 , 2126
1128 , 2127
1129 , 2128
1130 , 2129
1131 , 2130
1132 , 2131
1133 , 2132
1134 , 2133
1135 , 2134
1136 , 2135
1137 , 2136
1138 , 2137
1139 , 2138
1140 , 2139
1141 , 2140
1142 , 2141
1143 , 2142
1144 , 2143
1145 , 2144
1146 , 2145
1147 , 2146
1148 , 2147
1149 , 2148
1150 , 2149
1151 , 2150
1152 , 2151
1153 , 2152
1154 , 2153
1155 , 2154
1156 , 2155
1157 , 2156
1158 , 2157
1159 , 2158
1160 , 2159
1161 , 2160
1162 , 2161
1163 , 2162
1164 , 2163
1165 , 2164
1166 , 2165
1167 , 2166
1168 , 2167
1169 , 2168
1170 , 2169
1171 , 2170
1172 , 2171
1173 , 2172
1174 , 2173
1175 , 2174
1176 , 2175
1177 , 2176
1178 , 2177
1179 , 2178
1180 , 2179
1181 , 2180
1182 , 2181
1183 , 2182
1184 , 2183
1185 , 2184
1186 , 2185
1187 , 2186
1188 , 2187
1189 , 2188
1190 , 2189
1191 , 2190
1192 , 2191
1193 , 2192
1194 , 2193
1195 , 2194
1196 , 2195
1197 , 2196
1198 , 2197
1199 , 2198
1200 , 2199
1201 , 2200
1202 , 2201
1203 , 2202
1204 , 2203
1205 , 2204
1206 , 2205
1207 , 2206
1208 , 2207
1209 , 2208
1210 , 2209
1211 , 2210
1212 , 2211
1213 , 2212
1214 , 2213
1215 , 2214
1216 , 2215
1217 , 2216
1218 , 2217
1219 , 2218
1220 , 2219
1221 , 2220
1222 , 2221
1223 , 2222
1224 , 2223
1225 , 2224
1226 , 2225
1227 , 2226
1228 , 2227
1229 , 2228
1230 , 2229
1231 , 2230
1232 , 2231
1233 , 2232
1234 , 2233
1235 , 2234
1236 , 2235
1237 , 2236
1238 , 2237
1239 , 2238
1240 , 2239
1241 , 2240
1242 , 2241
1243 , 2242
1244 , 2243
1245 , 2244
1246 , 2245
1247 , 2246
1248 , 2247
1249 , 2248
1250 , 2249
1251 , 2250
1252 , 2251
1253 , 2252
1254 , 2253
1255 , 2254
1256 , 2255
1257 , 2256
1258 , 2257
1259 , 2258
1260 , 2259
1261 , 2260
1262 , 2261
1263 , 2262
1264 , 2263
1265 , 2264
1266 , 2265
1267 , 2266
1268 , 2267
1269 , 2268
1270 , 2269
1271 , 2270
1272 , 2271
1273 , 2272
1274 , 2273
1275 , 2274
1276 , 2275
1277 , 2276
1278 , 2277
1279 , 2278
1280 , 2279
1281 , 2280
1282 , 2281
1283 , 2282
1284 , 2283
1285 , 2284
1286 , 2285
1287 , 2286
1288 , 2287
1289 , 2288
1290 , 2289
1291 , 2290
1292 , 2291
1293 , 2292
1294 , 2293
1295 , 2294
1296 , 2295
1297 , 2296
1298 , 2297
1299 , 2298
1300 , 2299
1301 , 2300
1302 , 2301
1303 , 2302
1304 , 2303
1305 , 2304
1306 , 2305
1307 , 2306
1308 , 2307
1309 , 2308
1310 , 2309
1311 , 2310
1312 , 2311
1313 , 2312
1314 , 2313
1315 , 2314
1316 , 2315
1317 , 2316
1318 , 2317
1319 , 2318
1320 , 2319
1321 , 2320
1322 , 2321
1323 , 2322
1324 , 2323
1325 , 2324
1326 , 2325
1327 , 2326
1328 , 2327
1329 , 2328
1330 , 2329
1331 , 2330
1332 , 2331
1333 , 2332
1334 , 2333
1335 , 2334
1336 , 2335
1337 , 2336
1338 , 2337
1339 , 2338
1340 , 2339
1341 , 2340
1342 , 2341
1343 , 2342
1344 , 2343
1345 , 2344
1346 , 2345
1347 , 2346
1348 , 2347
1349 , 2348
1350 , 2349
1351 , 2350
1352 , 2351
1353 , 2352
1354 , 2353
1355 , 2354
1356 , 2355
1357 , 2356
1358 , 2357
1359 , 2358
1360 , 2359
1361 , 2360
1362 , 2361
1363 , 2362
1364 , 2363
1365 , 2364
1366 , 2365
1367 , 2366
1368 , 2367
1369 , 2368
1370 , 2369
1371 , 2370
1372 , 2371
1373 , 2372
1374 , 2373
1375 , 2374
1376 , 2375
1377 , 2376
1378 , 2377
1379 , 2378
1380 , 2379
1381 , 2380
1382 , 2381
1383 , 2382
1384 , 2383
1385 , 2384
1386 , 2385
1387 , 2386
1388 , 2387
1389 , 2388
1390 , 2389
1391 , 2390
1392 , 2391
1393 , 2392
1394 , 2393
1395 , 2394
1396 , 2395
1397 , 2396
1398 , 2397
1399 , 2398
1400 , 2399
1401 , 2400
1402 , 2401
1403 , 2402
1404 , 2403
1405 , 2404
1406 , 2405
1407 , 2406
1408 , 2407
1409 , 2408
1410 , 2409
1411 , 2410
1412 , 2411
1413 , 2412
1414 , 2413
1415 , 2414
1416 , 2415
1417 , 2416
1418 , 2417
1419 , 2418
1420 , 2419
1421 , 2420
1422 , 2421
1423 , 2422
1424 , 2423
1425 , 2424
1426 , 2425
1427 , 2426
1428 , 2427
1429 , 2428
1430 , 2429
1431 , 2430
1432 , 2431
1433 , 2432
1434 , 2433
1435 , 2434
1436 , 2435
1437 , 2436
1438 , 2437
1439 , 2438
1440 , 2439
1441 , 2440
1442 , 2441
1443 , 2442
1444 , 2443
1445 , 2444
1446 , 2445
1447 , 2446
1448 , 2447
1449 , 2448
1450 , 2449
1451 , 2450
1452 , 2451
1453 , 2452
1454 , 2453
1455 , 2454
1456 , 2455
1457 , 2456
1458 , 2457
1459 , 2458
1460 , 2459
1461 , 2460
1462 , 2461
1463 , 2462
1464 , 2463
1465 , 2464
1466 , 2465
1467 , 2466
1468 , 2467
1469 , 2468
1470 , 2469
1471 , 2470
1472 , 2471
1473 , 2472
1474 , 2473
1475 , 2474
1476 , 2475
1477 , 2476
1478 , 2477
1479 , 2478
1480 , 2479
1481 , 2480
1482 , 2481
1483 , 2482
1484 , 2483
1485 , 2484
1486 , 2485
1487 , 2486
1488 , 2487
1489 , 2488
1490 , 2489
1491 , 2490
1492 , 2491
1493 , 2492
1494 , 2493
1495 , 2494
1496 , 2495
1497 , 2496
1498 , 2497
1499 , 2498
1500 , 2499
1501 , 2500
1502 , 2501
1503 , 2502
1504 , 2503
1505 , 2504
1506 , 2505
1507 , 2506
1508 , 2507
1509 , 2508
1510 , 2509
1511 , 2510
1512 , 2511
1513 , 2512
1514 , 2513
1515 , 2514
1516 , 2515
1517 , 2516
1518 , 2517
1519 , 2518
1520 , 2519
1521 , 2520
1522 , 2521
1523 , 2522
1524 , 2523
1525 , 2524
1526 , 2525
1527 , 2526
1528 , 2527
1529 , 2528
1530 , 2529
1531 , 2530
1532 , 2531
1533 , 2532
1534 , 2533
1535 , 2534
1536 , 2535
1537 , 2536
1538 , 2537
1539 , 2538
1540 , 2539
1541 , 2540
1542 , 2541
1543 , 2542
1544 , 2543
1545 , 2544
1546 , 2545
1547 , 2546
1548 , 2547
1549 , 2548
1550 , 2549
1551 , 2550
1552 , 2551
1553 , 2552
1554 , 2553
1555 , 2554
1556 , 2555
1557 , 2556
1558 , 2557
1559 , 2558
1560 , 2559
1561 , 2560
1562 , 2561
1563 , 2562
1564 , 2563
1565 , 2564
1566 , 2565
1567 , 2566
1568 , 2567
1569 , 2568
1570 , 2569
1571 , 2570
1572 , 2571
1573 , 2572
1574 , 2573
1575 , 2574
1576 , 2575
1577 , 2576
1578 , 2577
1579 , 2578
1580 , 2579
1581 , 2580
1582 , 2581
1583 , 2582
1584 , 2583
1585 , 2584
1586 , 2585
1587 , 2586
1588 , 2587
1589 , 2588
1590 , 2589
1591 , 2590
1592 , 2591
1593 , 2592
1594 , 2593
1595 , 2594
1596 , 2595
1597 , 2596
1598 , 2597
1599 , 2598
1600 , 2599
1601 , 2600
1602 , 2601
1603 , 2602
1604 , 2603
1605 , 2604
1606 , 2605
1607 , 2606
1608 , 2607
1609 , 2608
1610 , 2609
1611 , 2610
1612 , 2611
1613 , 2612
1614 , 2613
1615 , 2614
1616 , 2615
1617 , 2616
1618 , 2617
1619 , 2618
1620 , 2619
1621 , 2620
1622 , 2621
1623 , 2622
1624 , 2623
1625 , 2624
1626 , 2625
1627 , 2626
1628 , 2627
1629 , 2628
1630 , 2629
1631 , 2630
1632 , 2631
1633 , 2632
1634 , 2633
1635 , 2634
1636 , 2635
1637 , 2636
1638 , 2637
1639 , 2638
1640 , 2639
1641 , 2640
1642 , 2641
1643 , 2642
1644 , 2643
1645 , 2644
1646 , 2645
1647 , 2646
1648 , 2647
1649 , 2648
1650 , 2649
1651 , 2650
1652 , 2651
1653 , 2652
1654 , 2653
1655 , 2654
1656 , 2655
1657 , 2656
1658 , 2657
1659 , 2658
1660 , 2659
1661 , 2660
1662 , 2661
1663 , 2662
1664 , 2663
1665 , 2664
1666 , 2665
1667 , 2666
1668 , 2667
1669 , 2668
1670 , 2669
1671 , 2670
1672 , 2671
1673 , 2672
1674 , 2673
1675 , 2674
1676 , 2675
1677 , 2676
1678 , 2677
1679 , 2678
1680 , 2679
1681 , 2680
1682 , 2681
1683 , 2682
1684 , 2683
1685 , 2684
1686 , 2685
1687 , 2686
1688 , 2687
1689 , 2688
1690 , 2689
1691 , 2690
1692 , 2691
1693 , 2692
1694 , 2693
1695 , 2694
1696 , 2695
1697 , 2696
1698 , 2697
1699 , 2698
1700 , 2699
1701 , 2700
1702 , 2701
1703 , 2702
1704 , 2703
1705 , 2704
1706 , 2705
1707 , 2706
1708 , 2707
1709 , 2708
1710 , 2709
1711 , 2710
1712 , 2711
1713 , 2712
1714 , 2713
1715 , 2714
1716 , 2715
1717 , 2716
1718 , 2717
1719 , 2718
1720 , 2719
1721 , 2720
1722 , 2721
1723 , 2722
1724 , 2723
1725 , 2724
1726 , 2725
1727 , 2726
1728 , 2727
1729 , 2728
1730 , 2729
1731 , 2730
1732 , 2731
1733 , 2732
1734 , 2733
1735 , 2734
1736 , 2735
1737 , 2736
1738 , 2737
1739 , 2738
1740 , 2739
1741 , 2740
1742 , 2741
1743 , 2742
1744 , 2743
1745 , 2744
1746 , 2745
1747 , 2746
1748 , 2747
1749 , 2748
1750 , 2749
1751 , 2750
1752 , 2751
1753 , 2752
1754 , 2753
1755 , 2754
1756 , 2755
1757 , 2756
1758 , 2757
1759 , 2758
1760 , 2759
1761 , 2760
1762 , 2761
1763 , 2762
1764 , 2763
1765 , 2764
1766 , 2765
1767 , 2766
1768 , 2767
1769 , 2768
1770 , 2769
1771 , 2770
1772 , 2771
1773 , 2772
1774 , 2773
1775 , 2774
1776 , 2775
1777 , 2776
1778 , 2777
1779 , 2778
1780 , 2779
1781 , 2780
1782 , 2781
1783 , 2782
1784 , 2783
1785 , 2784
1786 , 2785
1787 , 2786
1788 , 2787
1789 , 2788
1790 , 2789
1791 , 2790
1792 , 2791
1793 , 2792
1794 , 2793
1795 , 2794
1796 , 2795
1797 , 2796
1798 , 2797
1799 , 2798
1800 , 2799
1801 , 2800
1802 , 2801
1803 , 2802
1804 , 2803
1805 , 2804
1806 , 2805
1807 , 2806
1808 , 2807
1809 , 2808
1810 , 2809
1811 , 2810
1812 , 2811
1813 , 2812
1814 , 2813
1815 , 2814
1816 , 2815
1817 , 2816
1818 , 2817
1819 , 2818
1820 , 2819
1821 , 2820
1822 , 2821
1823 , 2822
1824 , 2823
1825 , 2824
1826 , 2825
1827 , 2826
1828 , 2827
1829 , 2828
1830 , 2829
1831 , 2830
1832 , 2831
1833 , 2832
1834 , 2833
1835 , 2834
1836 , 2835
1837 , 2836
1838 , 2837
1839 , 2838
1840 , 2839
1841 , 2840
1842 , 2841
1843 , 2842
1844 , 2843
1845 , 2844
1846 , 2845
1847 , 2846
1848 , 2847
1849 , 2848
1850 , 2849
1851 , 2850
1852 , 2851
1853 , 2852
1854 , 2853
1855 , 2854
1856 , 2855
1857 , 2856
1858 , 2857
1859 , 2858
1860 , 2859
1861 , 2860
1862 , 2861
1863 , 2862
1864 , 2863
1865 , 2864
1866 , 2865
1867 , 2866
1868 , 2867
1869 , 2868
1870 , 2869
1871 , 2870
1872 , 2871
1873 , 2872
1874 , 2873
1875 , 2874
1876 , 2875
1877 , 2876
1878 , 2877
1879 , 2878
1880 , 2879
1881 , 2880
1882 , 2881
1883 , 2882
1884 , 2883
1885 , 2884
1886 , 2885
1887 , 2886
1888 , 2887
1889 , 2888
1890 , 2889
1891 , 2890
1892 , 2891
1893 , 2892
1894 , 2893
1895 , 2894
1896 , 2895
1897 , 2896
1898 , 2897
1899 , 2898
1900 , 2899
1901 , 2900
1902 , 2901
1903 , 2902
1904 , 2903
1905 , 2904
1906 , 2905
1907 , 2906
1908 , 2907
1909 , 2908
1910 , 2909
1911 , 2910
1912 , 2911
1913 , 2912
1914 , 2913
1915 , 2914
1916 , 2915
1917 , 2916
1918 , 2917
1919 , 2918
1920 , 2919
1921 , 2920
1922 , 2921
1923 , 2922
1924 , 2923
1925 , 2924
1926 , 2925
1927 , 2926
1928 , 2927
1929 , 2928
1930 , 2929
1931 , 2930
1932 , 2931
1933 , 2932
1934 , 2933
1935 , 2934
1936 , 2935
1937 , 2936
1938 , 2937
1939 , 2938
1940 , 2939
1941 , 2940
1942 , 2941
1943 , 2942
1944 , 2943
1945 , 2944
1946 , 2945
1947 , 2946
1948 , 2947
1949 , 2948
1950 , 2949
1951 , 2950
1952 , 2951
1953 , 2952
1954 , 2953
1955 , 2954
1956 , 2955
1957 , 2956
1958 , 2957
1959 , 2958
1960 , 2959
1961 , 2960
1962 , 2961
1963 , 2962
1964 , 2963
1965 , 2964
1966 , 2965
1967 , 2966
1968 , 2967
1969 , 2968
1970 , 2969
1971 , 2970
1972 , 2971
1973 , 2972
1974 , 2973
1975 , 2974
1976 , 2975
1977 , 2976
1978 , 2977
1979 , 2978
1980 , 2979
1981 , 2980
1982 , 2981
1983 , 2982
1984 , 2983
1985 , 2984
1986 , 2985
1987 , 2986
1988 , 2987
1989 , 2988
1990 , 2989
1991 , 2990
1992 , 2991
1993 , 2992
1994 , 2993
1995 , 2994
1996 , 2995
1997 , 2996
1998 , 2997
1999 , 2998
2000 , 2999
2001 , 3000
2002 , 3001
2003 , 3002
2004 , 3003
2005 , 3004
2006 , 3005
2007 , 3006
2008 , 3007
2009 , 3008
2010 , 3009
2011 , 3010
2012 , 3011
2013 , 3012
2014 , 3013
2015 , 3014
2016 , 3015
2017 , 3016
2018 , 3017
2019 , 3018
2020 , 3019
2021 , 3020
2022 , 3021
2023 , 3022
2024 , 3023
2025 , 3024
2026 , 3025
2027 , 3026
2028 , 3027
2029 , 3028
2030 , 3029
2031 , 3030
2032 , 3031
2033 , 3032
2034 , 3033
2035 , 3034
2036 , 3035
2037 , 3036
2038 , 3037
2039 , 3038
2040 , 3039
2041 , 3040
2042 , 3041
2043 , 3042
2044 , 3043
2045 , 3044
2046 , 3045
2047 , 3046
2048 , 3047
2049 , 3048
2050 , 3049
2051 , 3050
2052 , 3051
2053 , 3052
2054 , 3053
2055 , 3054
2056 , 3055
2057 , 3056
2058 , 3057
2059 , 3058
2060 , 3059
2061 , 3060
2062 , 3061
2063 , 3062
2064 , 3063
2065 , 3064
2066 , 3065
2067 , 3066
2068 , 3067
2069 , 3068
2070 , 3069
2071 , 3070
2072 , 3071
2073 , 3072
2074 , 3073
2075 , 3074
2076 , 3075
2077 , 3076
2078 , 3077
2079 , 3078
2080 , 3079
2081 , 3080
2082 , 3081
2083 , 3082
2084 , 3083
2085 , 3084
2086 , 3085
2087 , 3086
2088 , 3087
2089 , 3088
2090 , 3089
2091 , 3090
2092 , 3091
2093 , 3092
2094 , 3093
2095 , 3094
2096 , 3095
2097 , 3096
2098 , 3097
2099 , 3098
2100 , 3099
2101 , 3100
2102 , 3101
2103 , 3102
2104 , 3103
2105 , 3104
2106 , 3105
2107 , 3106
2108 , 3107
2109 , 3108
2110 , 3109
2111 , 3110
2112 , 3111
2113 , 3112
2114 , 3113
2115 , 3114
2116 , 3115
2117 , 3116
2118 , 3117
2119 , 3118
2120 , 3119
2121 , 3120
2122 , 3121
2123 , 3122
2124 , 3123
2125 , 3124
2126 , 3125
2127 , 3126
2128 , 3127
2129 , 3128
2130 , 3129
2131 , 3130
2132 , 3131
2133 , 3132
2134 , 3133
2135 , 3134
2136 , 3135
2137 , 3136
2138 , 3137
2139 , 3138
2140 , 3139
2141 , 3140
2142 , 3141
2143 , 3142
2144 , 3143
2145 , 3144
2146 , 3145
2147 , 3146
2148 , 3147
2149 , 3148
2150 , 3149
2151 , 3150
2152 , 3151
2153 , 3152
2154 , 3153
2155 , 3154
2156 , 3155
2157 , 3156
2158 , 3157
2159 , 3158
2160 , 3159
2161 , 3160
2162 , 3161
2163 , 3162
2164 , 3163
2165 , 3164
2166 , 3165
2167 , 3166
2168 , 3167
2169 , 3168
2170 , 3169
2171 , 3170
2172 , 3171
2173 , 3172
2174 , 3173
2175 , 3174
2176 , 3175
2177 , 3176
2178 , 3177
2179 , 3178
2180 , 3179
2181 , 3180
2182 , 3181
2183 , 3182
2184 , 3183
2185 , 3184
2186 , 3185
2187 , 3186
2188 , 3187
2189 , 3188
2190 , 3189
2191 , 3190
2192 , 3191
2193 , 3192
2194 , 3193
2195 , 3194
2196 , 3195
2197 , 3196
2198 , 3197
2199 , 3198
2200 , 3199
2201 , 3200
2202 , 3201
2203 , 3202
2204 , 3203
2205 , 3204
2206 , 3205
2207 , 3206
2208 , 3207
2209 , 3208
2210 , 3209
2211 , 3210
2212 , 3211
2213 , 3212
2214 , 3213
2215 , 3214
2216 , 3215
2217 , 3216
2218 , 3217
2219 , 3218
2220 , 3219
2221 , 3220
2222 , 3221
2223 , 3222
2224 , 3223
2225 , 3224
2226 , 3225
2227 , 3226
2228 , 3227
2229 , 3228
2230 , 3229
2231 , 3230
2232 , 3231
2233 , 3232
2234 , 3233
2235 , 3234
2236 , 3235
2237 , 3236
2238 , 3237
2239 , 3238
2240 , 3239
2241 , 3240
2242 , 3241
2243 , 3242
2244 , 3243
2245 , 3244
2246 , 3245
2247 , 3246
2248 , 3247
2249 , 3248
2250 , 3249
2251 , 3250
2252 , 3251
2253 , 3252
2254 , 3253
2255 , 3254
2256 , 3255
2257 , 3256
2258 , 3257
2259 , 3258
2260 , 3259
2261 , 3260
2262 , 3261
2263 , 3262
2264 , 3263
2265 , 3264
2266 , 3265
2267 , 3266
2268 , 3267
2269 , 3268
2270 , 3269
2271 , 3270
2272 , 3271
2273 , 3272
2274 , 3273
2275 , 3274
2276 , 3275
2277 , 3276
2278 , 3277
2279 , 3278
2280 , 3279
2281 , 3280
2282 , 3281
2283 , 3282
2284 , 3283
2285 , 3284
2286 , 3285
2287 , 3286
2288 , 3287
2289 , 3288
2290 , 3289
2291 , 3290
2292 , 3291
2293 , 3292
2294 , 3293
2295 , 3294
2296 , 3295
2297 , 3296
2298 , 3297
2299 , 3298
2300 , 3299
2301 , 3300
2302 , 3301
2303 , 3302
2304 , 3303
2305 , 3304
2306 , 3305
2307 , 3306
2308 , 3307
2309 , 3308
2310 , 3309
2311 , 3310
2312 , 3311
2313 , 3312
2314 , 3313
2315 , 3314
2316 , 3315
2317 , 3316
2318 , 3317
2319 , 3318
2320 , 3319
2321 , 3320
2322 , 3321
2323 , 3322
2324 , 3323
2325 , 3324
2326 , 3325
2327 , 3326
2328 , 3327
2329 , 3328
2330 , 3329
2331 , 3330
2332 , 3331
2333 , 3332
2334 , 3333
2335 , 3334
2336 , 3335
2337 , 3336
2338 , 3337
2339 , 3338
2340 , 3339
2341 , 3340
2342 , 3341
2343 , 3342
2344 , 3343
2345 , 3344
2346 , 3345
2347 , 3346
2348 , 3347
2349 , 3348
2350 , 3349
2351 , 3350
2352 , 3351
2353 , 3352
2354 , 3353
2355 , 3354
2356 , 3355
2357 , 3356
2358 , 3357
2359 , 3358
2360 , 3359
2361 , 3360
2362 , 3361
2363 , 3362
2364 , 3363
2365 , 3364
2366 , 3365
2367 , 3366
2368 , 3367
2369 , 3368
2370 , 3369
2371 , 3370
2372 , 3371
2373 , 3372
2374 , 3373
2375 , 3374
2376 , 3375
2377 , 3376
2378 , 3377
2379 , 3378
2380 , 3379
2381 , 3380
2382 , 3381
2383 , 3382
2384 , 3383
2385 , 3384
2386 , 3385
2387 , 3386
2388 , 3387
2389 , 3388
2390 , 3389
2391 , 3390
2392 , 3391
2393 , 3392
2394 , 3393
2395 , 3394
2396 , 3395
2397 , 3396
2398 , 3397
2399 , 3398
2400 , 3399
2401 , 3400
2402 , 3401
2403 , 3402
2404 , 3403
2405 , 3404
2406 , 3405
2407 , 3406
2408 , 3407
2409 , 3408
2410 , 3409
2411 , 3410
2412 , 3411
2413 , 3412
2414 , 3413
2415 , 3414
2416 , 3415
2417 , 3416
2418 , 3417
2419 , 3418
2420 , 3419
2421 , 3420
2422 , 3421
2423 , 3422
2424 , 3423
2425 , 3424
2426 , 3425
2427 , 3426
2428 , 3427
2429 , 3428
2430 , 3429
2431 , 3430
2432 , 3431
2433 , 3432
2434 , 3433
2435 , 3434
2436 , 3435
2437 , 3436
2438 , 3437
2439 , 3438
2440 , 3439
2441 , 3440
2442 , 3441
2443 , 3442
2444 , 3443
2445 , 3444
2446 , 3445
2447 , 3446
2448 , 3447
2449 , 3448
2450 , 3449
2451 , 3450
2452 , 3451
2453 , 3452
2454 , 3453
2455 , 3454
2456 , 3455
2457 , 3456
2458 , 3457
2459 , 3458
2460 , 3459
2461 , 3460
2462 , 3461
2463 , 3462
2464 , 3463
2465 , 3464
2466 , 3465
2467 , 3466
2468 , 3467
2469 , 3468
2470 , 3469
2471 , 3470
2472 , 3471
2473 , 3472
2474 , 3473
2475 , 3474
2476 , 3475
2477 , 3476
2478 , 3477
2479 , 3478
2480 , 3479
2481 , 3480
2482 , 3481
2483 , 3482
2484 , 3483
2485 , 3484
2486 , 3485
2487 , 3486
2488 , 3487
2489 , 3488
2490 , 3489
2491 , 3490
2492 , 3491
2493 , 3492
2494 , 3493
2495 , 3494
2496 , 3495
2497 , 3496
2498 , 3497
2499 , 3498
2500 , 3499
2501 , 3500
2502 , 3501
2503 , 3502
2504 , 3503
2505 , 3504
2506 , 3505
2507 , 3506
2508 , 3507
2509 , 3508
2510 , 3509
2511 , 3510
2512 , 3511
2513 , 3512
2514 , 3513
2515 , 3514
2516 , 3515
2517 , 3516
2518 , 3517
2519 , 3518
2520 , 3519
2521 , 3520
2522 , 3521
2523 , 3522
2524 , 3523
2525 , 3524
2526 , 3525
2527 , 3526
2528 , 3527
2529 , 3528
2530 , 3529
2531 , 3530
2532 , 3531
2533 , 3532
2534 , 3533
2535 , 3534
2536 , 3535
2537 , 3536
2538 , 3537
2539 , 3538
2540 , 3539
2541 , 3540
2542 , 3541
2543 , 3542
2544 , 3543
2545 , 3544
2546 , 3545
2547 , 3546
2548 , 3547
2549 , 3548
2550 , 3549
2551 , 3550
2552 , 3551
2553 , 3552
2554 , 3553
2555 , 3554
2556 , 3555
2557 , 3556
2558 , 3557
2559 , 3558
2560 , 3559
2561 , 3560
2562 , 3561
2563 , 3562
2564 , 3563
2565 , 3564
2566 , 3565
2567 , 3566
2568 , 3567
2569 , 3568
2570 , 3569
2571 , 3570
2572 , 3571
2573 , 3572
2574 , 3573
2575 , 3574
2576 , 3575
2577 , 3576
2578 , 3577
2579 , 3578
2580 , 3579
2581 , 3580
2582 , 3581
2583 , 3582
2584 , 3583
2585 , 3584
2586 , 3585
2587 , 3586
2588 , 3587
2589 , 3588
2590 , 3589
2591 , 3590
2592 , 3591
2593 , 3592
2594 , 3593
2595 , 3594
2596 , 3595
2597 , 3596
2598 , 3597
2599 , 3598
2600 , 3599
2601 , 3600
2602 , 3601
2603 , 3602
2604 , 3603
2605 , 3604
2606 , 3605
2607 , 3606
2608 , 3607
2609 , 3608
2610 , 3609
2611 , 3610
2612 , 3611
2613 , 3612
2614 , 3613
2615 , 3614
2616 , 3615
2617 , 3616
2618 , 3617
2619 , 3618
2620 , 3619
2621 , 3620
2622 , 3621
2623 , 3622
2624 , 3623
2625 , 3624
2626 , 3625
2627 , 3626
2628 , 3627
2629 , 3628
2630 , 3629
2631 , 3630
2632 , 3631
2633 , 3632
2634 , 3633
2635 , 3634
2636 , 3635
2637 , 3636
2638 , 3637
2639 , 3638
2640 , 3639
2641 , 3640
2642 , 3641
2643 , 3642
2644 , 3643
2645 , 3644
2646 , 3645
2647 , 3646
2648 , 3647
2649 , 3648
2650 , 3649
2651 , 3650
2652 , 3651
2653 , 3652
2654 , 3653
2655 , 3654
2656 , 3655
2657 , 3656
2658 , 3657
2659 , 3658
2660 , 3659
2661 , 3660
2662 , 3661
2663 , 3662
2664 , 3663
2665 , 3664
2666 , 3665
2667 , 3666
2668 , 3667
2669 , 3668
2670 , 3669
2671 , 3670
2672 , 3671
2673 , 3672
2674 , 3673
2675 , 3674
2676 , 3675
2677 , 3676
2678 , 3677
2679 , 3678
2680 , 3679
2681 , 3680
2682 , 3681
2683 , 3682
2684 , 3683
2685 , 3684
2686 , 3685
2687 , 3686
2688 , 3687
2689 , 3688
2690 , 3689
2691 , 3690
2692 , 3691
2693 , 3692
2694 , 3693
2695 , 3694
2696 , 3695
2697 , 3696
2698 , 3697
2699 , 3698
2700 , 3699
2701 , 3700
2702 , 3701
2703 , 3702
2704 , 3703
2705 , 3704
2706 , 3705
2707 , 3706
2708 , 3707
2709 , 3708
2710 , 3709
2711 , 3710
2712 , 3711
2713 , 3712
2714 , 3713
2715 , 3714
2716 , 3715
2717 , 3716
2718 , 3717
2719 , 3718
2720 , 3719
2721 , 3720
2722 , 3721
2723 , 3722
2724 , 3723
2725 , 3724
2726 , 3725
2727 , 3726
2728 , 3727
2729 , 3728
2730 , 3729
2731 , 3730
2732 , 3731
2733 , 3732
2734 , 3733
2735 , 3734
2736 , 3735
2737 , 3736
2738 , 3737
2739 , 3738
2740 , 3739
2741 , 3740
2742 , 3741
2743 , 3742
2744 , 3743
2745 , 3744
2746 , 3745
2747 , 3746
2748 , 3747
2749 , 3748
2750 , 3749
2751 , 3750
2752 , 3751
2753 , 3752
2754 , 3753
2755 , 3754
2756 , 3755
2757 , 3756
2758 , 3757
2759 , 3758
2760 , 3759
2761 , 3760
2762 , 3761
2763 , 3762
2764 , 3763
2765 , 3764
2766 , 3765
2767 , 3766
2768 , 3767
2769 , 3768
2770 , 3769
2771 , 3770
2772 , 3771
2773 , 3772
2774 , 3773
2775 , 3774
2776 , 3775
2777 , 3776
2778 , 3777
2779 , 3778
2780 , 3779
2781 , 3780
2782 , 3781
2783 , 3782
2784 , 3783
2785 , 3784
2786 , 3785
2787 , 3786
2788 , 3787
2789 , 3788
2790 , 3789
2791 , 3790
2792 , 3791
2793 , 3792
2794 , 3793
2795 , 3794
2796 , 3795
2797 , 3796
2798 , 3797
2799 , 3798
2800 , 3799
2801 , 3800
2802 , 3801
2803 , 3802
2804 , 3803
2805 , 3804
2806 , 3805
2807 , 3806
2808 , 3807
2809 , 3808
2810 , 3809
2811 , 3810
2812 , 3811
2813 , 3812
2814 , 3813
2815 , 3814
2816 , 3815
2817 , 3816
2818 , 3817
2819 , 3818
2820 , 3819
2821 , 3820
2822 , 3821
2823 , 3822
2824 , 3823
2825 , 3824
2826 , 3825
2827 , 3826
2828 , 3827
2829 , 3828
2830 , 3829
2831 , 3830
2832 , 3831
2833 , 3832
2834 , 3833
2835 , 3834
2836 , 3835
2837 , 3836
2838 , 3837
2839 , 3838
2840 , 3839
2841 , 3840
2842 , 3841
2843 , 3842
2844 , 3843
2845 , 3844
2846 , 3845
2847 , 3846
2848 , 3847
2849 , 3848
2850 , 3849
2851 , 3850
2852 , 3851
2853 , 3852
2854 , 3853
2855 , 3854
2856 , 3855
2857 , 3856
2858 , 3857
2859 , 3858
2860 , 3859
2861 , 3860
2862 , 3861
2863 , 3862
2864 , 3863
2865 , 3864
2866 , 3865
2867 , 3866
2868 , 3867
2869 , 3868
2870 , 3869
2871 , 3870
2872 , 3871
2873 , 3872
2874 , 3873
2875 , 3874
2876 , 3875
2877 , 3876
2878 , 3877
2879 , 3878
2880 , 3879
2881 , 3880
2882 , 3881
2883 , 3882
2884 , 3883
2885 , 3884
2886 , 3885
2887 , 3886
2888 , 3887
2889 , 3888
2890 , 3889
2891 , 3890
2892 , 3891
2893 , 3892
2894 , 3893
2895 , 3894
2896 , 3895
2897 , 3896
2898 , 3897
2899 , 3898
2900 , 3899
2901 , 3900
2902 , 3901
2903 , 3902
2904 , 3903
2905 , 3904
2906 , 3905
2907 , 3906
2908 , 3907
2909 , 3908
2910 , 3909
2911 , 3910
2912 , 3911
2913 , 3912
2914 , 3913
2915 , 3914
2916 , 3915
2917 , 3916
2918 , 3917
2919 , 3918
2920 , 3919
2921 , 3920
2922 , 3921
2923 , 3922
2924 , 3923
2925 , 3924
2926 , 3925
2927 , 3926
2928 , 3927
2929 , 3928
2930 , 3929
2931 , 3930
2932 , 3931
2933 , 3932
2934 , 3933
2935 , 3934
2936 , 3935
2937 , 3936
2938 , 3937
2939 , 3938
2940 , 3939
2941 , 3940
2942 , 3941
2943 , 3942
2944 , 3943
2945 , 3944
2946 , 3945
2947 , 3946
2948 , 3947
2949 , 3948
2950 , 3949
2951 , 3950
2952 , 3951
2953 , 3952
2954 , 3953
2955 , 3954
2956 , 3955
2957 , 3956
2958 , 3957
2959 , 3958
2960 , 3959
2961 , 3960
2962 , 3961
2963 , 3962
2964 , 3963
2965 , 3964
2966 , 3965
2967 , 3966
2968 , 3967
2969 , 3968
2970 , 3969
2971 , 3970
2972 , 3971
2973 , 3972
2974 , 3973
2975 , 3974
2976 , 3975
2977 , 3976
2978 , 3977
2979 , 3978
2980 , 3979
2981 , 3980
2982 , 3981
2983 , 3982
2984 , 3983
2985 , 3984
2986 , 3985
2987 , 3986
2988 , 3987
2989 , 3988
2990 , 3989
2991 , 3990
2992 , 3991
2993 , 3992
2994 , 3993
2995 , 3994
2996 , 3995
2997 , 3996
2998 , 3997
2999 , 3998
3000 , 3999
3001 , 4000
3002 , 4001
3003 , 4002
3004 , 4003
3005 , 4004
3006 , 4005
3007 , 4006
3008 , 4007
3009 , 4008
3010 , 4009
3011 , 4010
3012 , 4011
3013 , 4012
3014 , 4013
3015 , 4014
3016 , 4015
3017 , 4016
3018 , 4017
3019 , 4018
3020 , 4019
3021 , 4020
3022 , 4021
3023 , 4022
3024 , 4023
3025 , 4024
3026 , 4025
3027 , 4026
3028 , 4027
3029 , 4028
3030 , 4029
3031 , 4030
3032 , 4031
3033 , 4032
3034 , 4033
3035 , 4034
3036 , 4035
3037 , 4036
3038 , 4037
3039 , 4038
3040 , 4039
3041 , 4040
3042 , 4041
3043 , 4042
3044 , 4043
3045 , 4044
3046 , 4045
3047 , 4046
3048 , 4047
3049 , 4048
3050 , 4049
3051 , 4050
3052 , 4051
3053 , 4052
3054 , 4053
3055 , 4054
3056 , 4055
3057 , 4056
3058 , 4057
3059 , 4058
3060 , 4059
3061 , 4060
3062 , 4061
3063 , 4062
3064 , 4063
3065 , 4064
3066 , 4065
3067 , 4066
3068 , 4067
3069 , 4068
3070 , 4069
3071 , 4070
3072 , 4071
3073 , 4072
3074 , 4073
3075 , 4074
3076 , 4075
3077 , 4076
3078 , 4077
3079 , 4078
3080 , 4079
3081 , 4080
3082 , 4081
3083 , 4082
3084 , 4083
3085 , 4084
3086 , 4085
3087 , 4086
3088 , 4087
3089 , 4088
3090 , 4089
3091 , 4090
3092 , 4091
3093 , 4092
3094 , 4093
3095 , 4094
3096 , 4095
3097 , 4096
3098 , 4097
3099 , 4098
3100 , 4099
3101 , 4100
3102 , 4101
3103 , 4102
3104 , 4103
3105 , 4104
3106 , 4105
3107 , 4106
3108 , 4107
3109 , 4108
3110 , 4109
3111 , 4110
3112 , 4111
3113 , 4112
3114 , 4113
3115 , 4114
3116 , 4115
3117 , 4116
3118 , 4117
3119 , 4118
3120 , 4119
3121 , 4120
3122 , 4121
3123 , 4122
3124 , 4123
3125 , 4124
3126 , 4125
3127 , 4126
3128 , 4127
3129 , 4128
3130 , 4129
3131 , 4130
3132 , 4131
3133 , 4132
3134 , 4133
3135 , 4134
3136 , 4135
3137 , 4136
3138 , 4137
3139 , 4138
3140 , 4139
3141 , 4140
3142 , 4141
3143 , 4142
3144 , 4143
3145 , 4144
3146 , 4145
3147 , 4146
3148 , 4147
3149 , 4148
3150 , 4149
3151 , 4150
3152 , 4151
3153 , 4152
3154 , 4153
3155 , 4154
3156 , 4155
3157 , 4156
3158 , 4157
3159 , 4158
3160 , 4159
3161 , 4160
3162 , 4161
3163 , 4162
3164 , 4163
3165 , 4164
3166 , 4165
3167 , 4166
3168 , 4167
3169 , 4168
3170 , 4169
3171 , 4170
3172 , 4171
3173 , 4172
3174 , 4173
3175 , 4174
3176 , 4175
3177 , 4176
3178 , 4177
3179 , 4178
3180 , 4179
3181 , 4180
3182 , 4181
3183 , 4182
3184 , 4183
3185 , 4184
3186 , 4185
3187 , 4186
3188 , 4187
3189 , 4188
3190 , 4189
3191 , 4190
3192 , 4191
3193 , 4192
3194 , 4193
3195 , 4194
3196 , 4195
3197 , 4196
3198 , 4197
3199 , 4198
3200 , 4199
3201 , 4200
3202 , 4201
3203 , 4202
3204 , 4203
3205 , 4204
3206 , 4205
3207 , 4206
3208 , 4207
3209 , 4208
3210 , 4209
3211 , 4210
3212 , 4211
3213 , 4212
3214 , 4213
3215 , 4214
3216 , 4215
3217 , 4216
3218 , 4217
3219 , 4218
3220 , 4219
3221 , 4220
3222 , 4221
3223 , 4222
3224 , 4223
3225 , 4224
3226 , 4225
3227 , 4226
3228 , 4227
3229 , 4228
3230 , 4229
3231 , 4230
3232 , 4231
3233 , 4232
3234 , 4233
3235 , 4234
3236 , 4235
3237 , 4236
3238 , 4237
3239 , 4238
3240 , 4239
3241 , 4240
3242 , 4241
3243 , 4242
3244 , 4243
3245 , 4244
3246 , 4245
3247 , 4246
3248 , 4247
3249 , 4248
3250 , 4249
3251 , 4250
3252 , 4251
3253 , 4252
3254 , 4253
3255 , 4254
3256 , 4255
3257 , 4256
3258 , 4257
3259 , 4258
3260 , 4259
3261 , 4260
3262 , 4261
3263 , 4262
3264 , 4263
3265 , 4264
3266 , 4265
3267 , 4266
3268 , 4267
3269 , 4268
3270 , 4269
3271 , 4270
3272 , 4271
3273 , 4272
3274 , 4273
3275 , 4274
3276 , 4275
3277 , 4276
3278 , 4277
3279 , 4278
3280 , 4279
3281 , 4280
3282 , 4281
3283 , 4282
3284 , 4283
3285 , 4284
3286 , 4285
3287 , 4286
3288 , 4287
3289 , 4288
3290 , 4289
3291 , 4290
3292 , 4291
3293 , 4292
3294 , 4293
3295 , 4294
3296 , 4295
3297 , 4296
3298 , 4297
3299 , 4298
3300 , 4299
3301 , 4300
3302 , 4301
3303 , 4302
3304 , 4303
3305 , 4304
3306 , 4305
3307 , 4306
3308 , 4307
3309 , 4308
3310 , 4309
3311 , 4310
3312 , 4311
3313 , 4312
3314 , 4313
3315 , 4314
3316 , 4315
3317 , 4316
3318 , 4317
3319 , 4318
3320 , 4319
3321 , 4320
3322 , 4321
3323 , 4322
3324 , 4323
3325 , 4324
3326 , 4325
3327 , 4326
3328 , 4327
3329 , 4328
3330 , 4329
3331 , 4330
3332 , 4331
3333 , 4332
3334 , 4333
3335 , 4334
3336 , 4335
3337 , 4336
3338 , 4337
3339 , 4338
3340 , 4339
3341 , 4340
3342 , 4341
3343 , 4342
3344 , 4343
3345 , 4344
3346 , 4345
3347 , 4346
3348 , 4347
3349 , 4348
3350 , 4349
3351 , 4350
3352 , 4351
3353 , 4352
3354 , 4353
3355 , 4354
3356 , 4355
3357 , 4356
3358 , 4357
3359 , 4358
3360 , 4359
3361 , 4360
3362 , 4361
3363 , 4362
3364 , 4363
3365 , 4364
3366 , 4365
3367 , 4366
3368 , 4367
3369 , 4368
3370 , 4369
3371 , 4370
3372 , 4371
3373 , 4372
3374 , 4373
3375 , 4374
3376 , 4375
3377 , 4376
3378 , 4377
3379 , 4378
3380 , 4379
3381 , 4380
3382 , 4381
3383 , 4382
3384 , 4383
3385 , 4384
3386 , 4385
3387 , 4386
3388 , 4387
3389 , 4388
3390 , 4389
3391 , 4390
3392 , 4391
3393 , 4392
3394 , 4393
3395 , 4394
3396 , 4395
3397 , 4396
3398 , 4397
3399 , 4398
3400 , 4399
3401 , 4400
3402 , 4401
3403 , 4402
3404 , 4403
3405 , 4404
3406 , 4405
3407 , 4406
3408 , 4407
3409 , 4408
3410 , 4409
3411 , 4410
3412 , 4411
3413 , 4412
3414 , 4413
3415 , 4414
3416 , 4415
3417 , 4416
3418 , 4417
3419 , 4418
3420 , 4419
3421 , 4420
3422 , 4421
3423 , 4422
3424 , 4423
3425 , 4424
3426 , 4425
3427 , 4426
3428 , 4427
3429 , 4428
3430 , 4429
3431 , 4430
3432 , 4431
3433 , 4432
3434 , 4433
3435 , 4434
3436 , 4435
3437 , 4436
3438 , 4437
3439 , 4438
3440 , 4439
3441 , 4440
3442 , 4441
3443 , 4442
3444 , 4443
3445 , 4444
3446 , 4445
3447 , 4446
3448 , 4447
3449 , 4448
3450 , 4449
3451 , 4450
3452 , 4451
3453 , 4452
3454 , 4453
3455 , 4454
3456 , 4455
3457 , 4456
3458 , 4457
3459 , 4458
3460 , 4459
3461 , 4460
3462 , 4461
3463 , 4462
3464 , 4463
3465 , 4464
3466 , 4465
3467 , 4466
3468 , 4467
3469 , 4468
3470 , 4469
3471 , 4470
3472 , 4471
3473 , 4472
3474 , 4473
3475 , 4474
3476 , 4475
3477 , 4476
3478 , 4477
3479 , 4478
3480 , 4479
3481 , 4480
3482 , 4481
3483 , 4482
3484 , 4483
3485 , 4484
3486 , 4485
3487 , 4486
3488 , 4487
3489 , 4488
3490 , 4489
3491 , 4490
3492 , 4491
3493 , 4492
3494 , 4493
3495 , 4494
3496 , 4495
3497 , 4496
3498 , 4497
3499 , 4498
3500 , 4499
3501 , 4500
3502 , 4501
3503 , 4502
3504 , 4503
3505 , 4504
3506 , 4505
3507 , 4506
3508 , 4507
3509 , 4508
3510 , 4509
3511 , 4510
3512 , 4511
3513 , 4512
3514 , 4513
3515 , 4514
3516 , 4515
3517 , 4516
3518 , 4517
3519 , 4518
3520 , 4519
3521 , 4520
3522 , 4521
3523 , 4522
3524 , 4523
3525 , 4524
3526 , 4525
3527 , 4526
3528 , 4527
3529 , 4528
3530 , 4529
3531 , 4530
3532 , 4531
3533 , 4532
3534 , 4533
3535 , 4534
3536 , 4535
3537 , 4536
3538 , 4537
3539 , 4538
3540 , 4539
3541 , 4540
3542 , 4541
3543 , 4542
3544 , 4543
3545 , 4544
3546 , 4545
3547 , 4546
3548 , 4547
3549 , 4548
3550 , 4549
3551 , 4550
3552 , 4551
3553 , 4552
3554 , 4553
3555 , 4554
3556 , 4555
3557 , 4556
3558 , 4557
3559 , 4558
3560 , 4559
3561 , 4560
3562 , 4561
3563 , 4562
3564 , 4563
3565 , 4564
3566 , 4565
3567 , 4566
3568 , 4567
3569 , 4568
3570 , 4569
3571 , 4570
3572 , 4571
3573 , 4572
3574 , 4573
3575 , 4574
3576 , 4575
3577 , 4576
3578 , 4577
3579 , 4578
3580 , 4579
3581 , 4580
3582 , 4581
3583 , 4582
3584 , 4583
3585 , 4584
3586 , 4585
3587 , 4586
3588 , 4587
3589 , 4588
3590 , 4589
3591 , 4590
3592 , 4591
3593 , 4592
3594 , 4593
3595 , 4594
3596 , 4595
3597 , 4596
3598 , 4597
3599 , 4598
3600 , 4599
3601 , 4600
3602 , 4601
3603 , 4602
3604 , 4603
3605 , 4604
3606 , 4605
3607 , 4606
3608 , 4607
3609 , 4608
3610 , 4609
3611 , 4610
3612 , 4611
3613 , 4612
3614 , 4613
3615 , 4614
3616 , 4615
3617 , 4616
3618 , 4617
3619 , 4618
3620 , 4619
3621 , 4620
3622 , 4621
3623 , 4622
3624 , 4623
3625 , 4624
3626 , 4625
3627 , 4626
3628 , 4627
3629 , 4628
3630 , 4629
3631 , 4630
3632 , 4631
3633 , 4632
3634 , 4633
3635 , 4634
3636 , 4635
3637 , 4636
3638 , 4637
3639 , 4638
3640 , 4639
3641 , 4640
3642 , 4641
3643 , 4642
3644 , 4643
3645 , 4644
3646 , 4645
3647 , 4646
3648 , 4647
3649 , 4648
3650 , 4649
3651 , 4650
3652 , 4651
3653 , 4652
3654 , 4653
3655 , 4654
3656 , 4655
3657 , 4656
3658 , 4657
3659 , 4658
3660 , 4659
3661 , 4660
3662 , 4661
3663 , 4662
3664 , 4663
3665 , 4664
3666 , 4665
3667 , 4666
3668 , 4667
3669 , 4668
3670 , 4669
3671 , 4670
3672 , 4671
3673 , 4672
3674 , 4673
3675 , 4674
3676 , 4675
3677 , 4676
3678 , 4677
3679 , 4678
3680 , 4679
3681 , 4680
3682 , 4681
3683 , 4682
3684 , 4683
3685 , 4684
3686 , 4685
3687 , 4686
3688 , 4687
3689 , 4688
3690 , 4689
3691 , 4690
3692 , 4691
3693 , 4692
3694 , 4693
3695 , 4694
3696 , 4695
3697 , 4696
3698 , 4697
3699 , 4698
3700 , 4699
3701 , 4700
3702 , 4701
3703 , 4702
3704 , 4703
3705 , 4704
3706 , 4705
3707 , 4706
3708 , 4707
3709 , 4708
3710 , 4709
3711 , 4710
3712 , 4711
3713 , 4712
3714 , 4713
3715 , 4714
3716 , 4715
3717 , 4716
3718 , 4717
3719 , 4718
3720 , 4719
3721 , 4720
3722 , 4721
3723 , 4722
3724 , 4723
3725 , 4724
3726 , 4725
3727 , 4726
3728 , 4727
3729 , 4728
3730 , 4729
3731 , 4730
3732 , 4731
3733 , 4732
3734 , 4733
3735 , 4734
3736 , 4735
3737 , 4736
3738 , 4737
3739 , 4738
3740 , 4739
3741 , 4740
3742 , 4741
3743 , 4742
3744 , 4743
3745 , 4744
3746 , 4745
3747 , 4746
3748 , 4747
3749 , 4748
3750 , 4749
3751 , 4750
3752 , 4751
3753 , 4752
3754 , 4753
3755 , 4754
3756 , 4755
3757 , 4756
3758 , 4757
3759 , 4758
3760 , 4759
3761 , 4760
3762 , 4761
3763 , 4762
3764 , 4763
3765 , 4764
3766 , 4765
3767 , 4766
3768 , 4767
3769 , 4768
3770 , 4769
3771 , 4770
3772 , 4771
3773 , 4772
3774 , 4773
3775 , 4774
3776 , 4775
3777 , 4776
3778 , 4777
3779 , 4778
3780 , 4779
3781 , 4780
3782 , 4781
3783 , 4782
3784 , 4783
3785 , 4784
3786 , 4785
3787 , 4786
3788 , 4787
3789 , 4788
3790 , 4789
3791 , 4790
3792 , 4791
3793 , 4792
3794 , 4793
3795 , 4794
3796 , 4795
3797 , 4796
3798 , 4797
3799 , 4798
3800 , 4799
3801 , 4800
3802 , 4801
3803 , 4802
3804 , 4803
3805 , 4804
3806 , 4805
3807 , 4806
3808 , 4807
3809 , 4808
3810 , 4809
3811 , 4810
3812 , 4811
3813 , 4812
3814 , 4813
3815 , 4814
3816 , 4815
3817 , 4816
3818 , 4817
3819 , 4818
3820 , 4819
3821 , 4820
3822 , 4821
3823 , 4822
3824 , 4823
3825 , 4824
3826 , 4825
3827 , 4826
3828 , 4827
3829 , 4828
3830 , 4829
3831 , 4830
3832 , 4831
3833 , 4832
3834 , 4833
3835 , 4834
3836 , 4835
3837 , 4836
3838 , 4837
3839 , 4838
3840 , 4839
3841 , 4840
3842 , 4841
3843 , 4842
3844 , 4843
3845 , 4844
3846 , 4845
3847 , 4846
3848 , 4847
3849 , 4848
3850 , 4849
3851 , 4850
3852 , 4851
3853 , 4852
3854 , 4853
3855 , 4854
3856 , 4855
3857 , 4856
3858 , 4857
3859 , 4858
3860 , 4859
3861 , 4860
3862 , 4861
3863 , 4862
3864 , 4863
3865 , 4864
3866 , 4865
3867 , 4866
3868 , 4867
3869 , 4868
3870 , 4869
3871 , 4870
3872 , 4871
3873 , 4872
3874 , 4873
3875 , 4874
3876 , 4875
3877 , 4876
3878 , 4877
3879 , 4878
3880 , 4879
3881 , 4880
3882 , 4881
3883 , 4882
3884 , 4883
3885 , 4884
3886 , 4885
3887 , 4886
3888 , 4887
3889 , 4888
3890 , 4889
3891 , 4890
3892 , 4891
3893 , 4892
3894 , 4893
3895 , 4894
3896 , 4895
3897 , 4896
3898 , 4897
3899 , 4898
3900 , 4899
3901 , 4900
3902 , 4901
3903 , 4902
3904 , 4903
3905 , 4904
3906 , 4905
3907 , 4906
3908 , 4907
3909 , 4908
3910 , 4909
3911 , 4910
3912 , 4911
3913 , 4912
3914 , 4913
3915 , 4914
3916 , 4915
3917 , 4916
3918 , 4917
3919 , 4918
3920 , 4919
3921 , 4920
3922 , 4921
3923 , 4922
3924 , 4923
3925 , 4924
3926 , 4925
3927 , 4926
3928 , 4927
3929 , 4928
3930 , 4929
3931 , 4930
3932 , 4931
3933 , 4932
3934 , 4933
3935 , 4934
3936 , 4935
3937 , 4936
3938 , 4937
3939 , 4938
3940 , 4939
3941 , 4940
3942 , 4941
3943 , 4942
3944 , 4943
3945 , 4944
3946 , 4945
3947 , 4946
3948 , 4947
3949 , 4948
3950 , 4949
3951 , 4950
3952 , 4951
3953 , 4952
3954 , 4953
3955 , 4954
3956 , 4955
3957 , 4956
3958 , 4957
3959 , 4958
3960 , 4959
3961 , 4960
3962 , 4961
3963 , 4962
3964 , 4963
3965 , 4964
3966 , 4965
3967 , 4966
3968 , 4967
3969 , 4968
3970 , 4969
3971 , 4970
3972 , 4971
3973 , 4972
3974 , 4973
3975 , 4974
3976 , 4975
3977 , 4976
3978 , 4977
3979 , 4978
3980 , 4979
3981 , 4980
3982 , 4981
3983 , 4982
3984 , 4983
3985 , 4984
3986 , 4985
3987 , 4986
3988 , 4987
3989 , 4988
3990 , 4989
3991 , 4990
3992 , 4991
3993 , 4992
3994 , 4993
3995 , 4994
3996 , 4995
3997 , 4996
3998 , 4997
3999 , 4998
4000 , 4999
4001 , 5000
4002 , 5001
4003 , 5002
4004 , 5003
4005 , 5004
4006 , 5005
4007 , 5006
4008 , 5007
4009 , 5008
4010 , 5009
4011 , 5010
4012 , 5011
4013 , 5012
4014 , 5013
4015 , 5014
4016 , 5015
4017 , 5016
4018 , 5017
4019 , 5018
4020 , 5019
4021 , 5020
4022 , 5021
4023 , 5022
4024 , 5023
4025 , 5024
4026 , 5025
4027 , 5026
4028 , 5027
4029 , 5028
4030 , 5029
4031 , 5030
4032 , 5031
4033 , 5032
4034 , 5033
4035 , 5034
4036 , 5035
4037 , 5036
4038 , 5037
4039 , 5038
4040 , 5039
4041 , 5040
4042 , 5041
4043 , 5042
4044 , 5043
4045 , 5044
4046 , 5045
4047 , 5046
4048 , 5047
4049 , 5048
4050 , 5049
4051 , 5050
4052 , 5051
4053 , 5052
4054 , 5053
4055 , 5054
4056 , 5055
4057 , 5056
4058 , 5057
4059 , 5058
4060 , 5059
4061 , 5060
4062 , 5061
4063 , 5062
4064 , 5063
4065 , 5064
4066 , 5065
4067 , 5066
4068 , 5067
4069 , 5068
4070 , 5069
4071 , 5070
4072 , 5071
4073 , 5072
4074 , 5073
4075 , 5074
4076 , 5075
4077 , 5076
4078 , 5077
4079 , 5078
4080 , 5079
4081 , 5080
4082 , 5081
4083 , 5082
4084 , 5083
4085 , 5084
4086 , 5085
4087 , 5086
4088 , 5087
4089 , 5088
4090 , 5089
4091 , 5090
4092 , 5091
4093 , 5092
4094 , 5093
4095 , 5094
4096 , 5095
4097 , 5096
4098 , 5097
4099 , 5098
4100 , 5099
4101 , 5100
4102 , 5101
4103 , 5102
4104 , 5103
4105 , 5104
4106 , 5105
4107 , 5106
4108 , 5107
4109 , 5108
4110 , 5109
4111 , 5110
4112 , 5111
4113 , 5112
4114 , 5113
4115 , 5114
4116 , 5115
4117 , 5116
4118 , 5117
4119 , 5118
4120 , 5119
4121 , 5120
4122 , 5121
4123 , 5122
4124 , 5123
4125 , 5124
4126 , 5125
4127 , 5126
4128 , 5127
4129 , 5128
4130 , 5129
4131 , 5130
4132 , 5131
4133 , 5132
4134 , 5133
4135 , 5134
4136 , 5135
4137 , 5136
4138 , 5137
4139 , 5138
4140 , 5139
4141 , 5140
4142 , 5141
4143 , 5142
4144 , 5143
4145 , 5144
4146 , 5145
4147 , 5146
4148 , 5147
4149 , 5148
4150 , 5149
4151 , 5150
4152 , 5151
4153 , 5152
4154 , 5153
4155 , 5154
4156 , 5155
4157 , 5156
4158 , 5157
4159 , 5158
4160 , 5159
4161 , 5160
4162 , 5161
4163 , 5162
4164 , 5163
4165 , 5164
4166 , 5165
4167 , 5166
4168 , 5167
4169 , 5168
4170 , 5169
4171 , 5170
4172 , 5171
4173 , 5172
4174 , 5173
4175 , 5174
4176 , 5175
4177 , 5176
4178 , 5177
4179 , 5178
4180 , 5179
4181 , 5180
4182 , 5181
4183 , 5182
4184 , 5183
4185 , 5184
4186 , 5185
4187 , 5186
4188 , 5187
4189 , 5188
4190 , 5189
4191 , 5190
4192 , 5191
4193 , 5192
4194 , 5193
4195 , 5194
4196 , 5195
4197 , 5196
4198 , 5197
4199 , 5198
4200 , 5199
4201 , 5200
4202 , 5201
4203 , 5202
4204 , 5203
4205 , 5204
4206 , 5205
4207 , 5206
4208 , 5207
4209 , 5208
4210 , 5209
4211 , 5210
4212 , 5211
4213 , 5212
4214 , 5213
4215 , 5214
4216 , 5215
4217 , 5216
4218 , 5217
4219 , 5218
4220 , 5219
4221 , 5220
4222 , 5221
4223 , 5222
4224 , 5223
4225 , 5224
4226 , 5225
4227 , 5226
4228 , 5227
4229 , 5228
4230 , 5229
4231 , 5230
4232 , 5231
4233 , 5232
4234 , 5233
4235 , 5234
4236 , 5235
4237 , 5236
4238 , 5237
4239 , 5238
4240 , 5239
4241 , 5240
4242 , 5241
4243 , 5242
4244 , 5243
4245 , 5244
4246 , 5245
4247 , 5246
4248 , 5247
4249 , 5248
4250 , 5249
4251 , 5250
4252 , 5251
4253 , 5252
4254 , 5253
4255 , 5254
4256 , 5255
4257 , 5256
4258 , 5257
4259 , 5258
4260 , 5259
4261 , 5260
4262 , 5261
4263 , 5262
4264 , 5263
4265 , 5264
4266 , 5265
4267 , 5266
4268 , 5267
4269 , 5268
4270 , 5269
4271 , 5270
4272 , 5271
4273 , 5272
4274 , 5273
4275 , 5274
4276 , 5275
4277 , 5276
4278 , 5277
4279 , 5278
4280 , 5279
4281 , 5280
4282 , 5281
4283 , 5282
4284 , 5283
4285 , 5284
4286 , 5285
4287 , 5286
4288 , 5287
4289 , 5288
4290 , 5289
4291 , 5290
4292 , 5291
4293 , 5292
4294 , 5293
4295 , 5294
4296 , 5295
4297 , 5296
4298 , 5297
4299 , 5298
4300 , 5299
4301 , 5300
4302 , 5301
4303 , 5302
4304 , 5303
4305 , 5304
4306 , 5305
4307 , 5306
4308 , 5307
4309 , 5308
4310 , 5309
4311 , 5310
4312 , 5311
4313 , 5312
4314 , 5313
4315 , 5314
4316 , 5315
4317 , 5316
4318 , 5317
4319 , 5318
4320 , 5319
4321 , 5320
4322 , 5321
4323 , 5322
4324 , 5323
4325 , 5324
4326 , 5325
4327 , 5326
4328 , 5327
4329 , 5328
4330 , 5329
4331 , 5330
4332 , 5331
4333 , 5332
4334 , 5333
4335 , 5334
4336 , 5335
4337 , 5336
4338 , 5337
4339 , 5338
4340 , 5339
4341 , 5340
4342 , 5341
4343 , 5342
4344 , 5343
4345 , 5344
4346 , 5345
4347 , 5346
4348 , 5347
4349 , 5348
4350 , 5349
4351 , 5350
4352 , 5351
4353 , 5352
4354 , 5353
4355 , 5354
4356 , 5355
4357 , 5356
4358 , 5357
4359 , 5358
4360 , 5359
4361 , 5360
4362 , 5361
4363 , 5362
4364 , 5363
4365 , 5364
4366 , 5365
4367 , 5366
4368 , 5367
4369 , 5368
4370 , 5369
4371 , 5370
4372 , 5371
4373 , 5372
4374 , 5373
4375 , 5374
4376 , 5375
4377 , 5376
4378 , 5377
4379 , 5378
4380 , 5379
4381 , 5380
4382 , 5381
4383 , 5382
4384 , 5383
4385 , 5384
4386 , 5385
4387 , 5386
4388 , 5387
4389 , 5388
4390 , 5389
4391 , 5390
4392 , 5391
4393 , 5392
4394 , 5393
4395 , 5394
4396 , 5395
4397 , 5396
4398 , 5397
4399 , 5398
4400 , 5399
4401 , 5400
4402 , 5401
4403 , 5402
4404 , 5403
4405 , 5404
4406 , 5405
4407 , 5406
4408 , 5407
4409 , 5408
4410 , 5409
4411 , 5410
4412 , 5411
4413 , 5412
4414 , 5413
4415 , 5414
4416 , 5415
4417 , 5416
4418 , 5417
4419 , 5418
4420 , 5419
4421 , 5420
4422 , 5421
4423 , 5422
4424 , 5423
4425 , 5424
4426 , 5425
4427 , 5426
4428 , 5427
4429 , 5428
4430 , 5429
4431 , 5430
4432 , 5431
4433 , 5432
4434 , 5433
4435 , 5434
4436 , 5435
4437 , 5436
4438 , 5437
4439 , 5438
4440 , 5439
4441 , 5440
4442 , 5441
4443 , 5442
4444 , 5443
4445 , 5444
4446 , 5445
4447 , 5446
4448 , 5447
4449 , 5448
4450 , 5449
4451 , 5450
4452 , 5451
4453 , 5452
4454 , 5453
4455 , 5454
4456 , 5455
4457 , 5456
4458 , 5457
4459 , 5458
4460 , 5459
4461 , 5460
4462 , 5461
4463 , 5462
4464 , 5463
4465 , 5464
4466 , 5465
4467 , 5466
4468 , 5467
4469 , 5468
4470 , 5469
4471 , 5470
4472 , 5471
4473 , 5472
4474 , 5473
4475 , 5474
4476 , 5475
4477 , 5476
4478 , 5477
4479 , 5478
4480 , 5479
4481 , 5480
4482 , 5481
4483 , 5482
4484 , 5483
4485 , 5484
4486 , 5485
4487 , 5486
4488 , 5487
4489 , 5488
4490 , 5489
4491 , 5490
4492 , 5491
4493 , 5492
4494 , 5493
4495 , 5494
4496 , 5495
4497 , 5496
4498 , 5497
4499 , 5498
4500 , 5499
4501 , 5500
4502 , 5501
4503 , 5502
4504 , 5503
4505 , 5504
4506 , 5505
4507 , 5506
4508 , 5507
4509 , 5508
4510 , 5509
4511 , 5510
4512 , 5511
4513 , 5512
4514 , 5513
4515 , 5514
4516 , 5515
4517 , 5516
4518 , 5517
4519 , 5518
4520 , 5519
4521 , 5520
4522 , 5521
4523 , 5522
4524 , 5523
4525 , 5524
4526 , 5525
4527 , 5526
4528 , 5527
4529 , 5528
4530 , 5529
4531 , 5530
4532 , 5531
4533 , 5532
4534 , 5533
4535 , 5534
4536 , 5535
4537 , 5536
4538 , 5537
4539 , 5538
4540 , 5539
4541 , 5540
4542 , 5541
4543 , 5542
4544 , 5543
4545 , 5544
4546 , 5545
4547 , 5546
4548 , 5547
4549 , 5548
4550 , 5549
4551 , 5550
4552 , 5551
4553 , 5552
4554 , 5553
4555 , 5554
4556 , 5555
4557 , 5556
4558 , 5557
4559 , 5558
4560 , 5559
4561 , 5560
4562 , 5561
4563 , 5562
4564 , 5563
4565 , 5564
4566 , 5565
4567 , 5566
4568 , 5567
4569 , 5568
4570 , 5569
4571 , 5570
4572 , 5571
4573 , 5572
4574 , 5573
4575 , 5574
4576 , 5575
4577 , 5576
4578 , 5577
4579 , 5578
4580 , 5579
4581 , 5580
4582 , 5581
4583 , 5582
4584 , 5583
4585 , 5584
4586 , 5585
4587 , 5586
4588 , 5587
4589 , 5588
4590 , 5589
4591 , 5590
4592 , 5591
4593 , 5592
4594 , 5593
4595 , 5594
4596 , 5595
4597 , 5596
4598 , 5597
4599 , 5598
4600 , 5599
4601 , 5600
4602 , 5601
4603 , 5602
4604 , 5603
4605 , 5604
4606 , 5605
4607 , 5606
4608 , 5607
4609 , 5608
4610 , 5609
4611 , 5610
4612 , 5611
4613 , 5612
4614 , 5613
4615 , 5614
4616 , 5615
4617 , 5616
4618 , 5617
4619 , 5618
4620 , 5619
4621 , 5620
4622 , 5621
4623 , 5622
4624 , 5623
4625 , 5624
4626 , 5625
4627 , 5626
4628 , 5627
4629 , 5628
4630 , 5629
4631 , 5630
4632 , 5631
4633 , 5632
4634 , 5633
4635 , 5634
4636 , 5635
4637 , 5636
4638 , 5637
4639 , 5638
4640 , 5639
4641 , 5640
4642 , 5641
4643 , 5642
4644 , 5643
4645 , 5644
4646 , 5645
4647 , 5646
4648 , 5647
4649 , 5648
4650 , 5649
4651 , 5650
4652 , 5651
4653 , 5652
4654 , 5653
4655 , 5654
4656 , 5655
4657 , 5656
4658 , 5657
4659 , 5658
4660 , 5659
4661 , 5660
4662 , 5661
4663 , 5662
4664 , 5663
4665 , 5664
4666 , 5665
4667 , 5666
4668 , 5667
4669 , 5668
4670 , 5669
4671 , 5670
4672 , 5671
4673 , 5672
4674 , 5673
4675 , 5674
4676 , 5675
4677 , 5676
4678 , 5677
4679 , 5678
4680 , 5679
4681 , 5680
4682 , 5681
4683 , 5682
4684 , 5683
4685 , 5684
4686 , 5685
4687 , 5686
4688 , 5687
4689 , 5688
4690 , 5689
4691 , 5690
4692 , 5691
4693 , 5692
4694 , 5693
4695 , 5694
4696 , 5695
4697 , 5696
4698 , 5697
4699 , 5698
4700 , 5699
4701 , 5700
4702 , 5701
4703 , 5702
4704 , 5703
4705 , 5704
4706 , 5705
4707 , 5706
4708 , 5707
4709 , 5708
4710 , 5709
4711 , 5710
4712 , 5711
4713 , 5712
4714 , 5713
4715 , 5714
4716 , 5715
4717 , 5716
4718 , 5717
4719 , 5718
4720 , 5719
4721 , 5720
4722 , 5721
4723 , 5722
4724 , 5723
4725 , 5724
4726 , 5725
4727 , 5726
4728 , 5727
4729 , 5728
4730 , 5729
4731 , 5730
4732 , 5731
4733 , 5732
4734 , 5733
4735 , 5734
4736 , 5735
4737 , 5736
4738 , 5737
4739 , 5738
4740 , 5739
4741 , 5740
4742 , 5741
4743 , 5742
4744 , 5743
4745 , 5744
4746 , 5745
4747 , 5746
4748 , 5747
4749 , 5748
4750 , 5749
4751 , 5750
4752 , 5751
4753 , 5752
4754 , 5753
4755 , 5754
4756 , 5755
4757 , 5756
4758 , 5757
4759 , 5758
4760 , 5759
4761 , 5760
4762 , 5761
4763 , 5762
4764 , 5763
4765 , 5764
4766 , 5765
4767 , 5766
4768 , 5767
4769 , 5768
4770 , 5769
4771 , 5770
4772 , 5771
4773 , 5772
4774 , 5773
4775 , 5774
4776 , 5775
4777 , 5776
4778 , 5777
4779 , 5778
4780 , 5779
4781 , 5780
4782 , 5781
4783 , 5782
4784 , 5783
4785 , 5784
4786 , 5785
4787 , 5786
4788 , 5787
4789 , 5788
4790 , 5789
4791 , 5790
4792 , 5791
4793 , 5792
4794 , 5793
4795 , 5794
4796 , 5795
4797 , 5796
4798 , 5797
4799 , 5798
4800 , 5799
4801 , 5800
4802 , 5801
4803 , 5802
4804 , 5803
4805 , 5804
4806 , 5805
4807 , 5806
4808 , 5807
4809 , 5808
4810 , 5809
4811 , 5810
4812 , 5811
4813 , 5812
4814 , 5813
4815 , 5814
4816 , 5815
4817 , 5816
4818 , 5817
4819 , 5818
4820 , 5819
4821 , 5820
4822 , 5821
4823 , 5822
4824 , 5823
4825 , 5824
4826 , 5825
4827 , 5826
4828 , 5827
4829 , 5828
4830 , 5829
4831 , 5830
4832 , 5831
4833 , 5832
4834 , 5833
4835 , 5834
4836 , 5835
4837 , 5836
4838 , 5837
4839 , 5838
4840 , 5839
4841 , 5840
4842 , 5841
4843 , 5842
4844 , 5843
4845 , 5844
4846 , 5845
4847 , 5846
4848 , 5847
4849 , 5848
4850 , 5849
4851 , 5850
4852 , 5851
4853 , 5852
4854 , 5853
4855 , 5854
4856 , 5855
4857 , 5856
4858 , 5857
4859 , 5858
4860 , 5859
4861 , 5860
4862 , 5861
4863 , 5862
4864 , 5863
4865 , 5864
4866 , 5865
4867 , 5866
4868 , 5867
4869 , 5868
4870 , 5869
4871 , 5870
4872 , 5871
4873 , 5872
4874 , 5873
4875 , 5874
4876 , 5875
4877 , 5876
4878 , 5877
4879 , 5878
4880 , 5879
4881 , 5880
4882 , 5881
4883 , 5882
4884 , 5883
4885 , 5884
4886 , 5885
4887 , 5886
4888 , 5887
4889 , 5888
4890 , 5889
4891 , 5890
4892 , 5891
4893 , 5892
4894 , 5893
4895 , 5894
4896 , 5895
4897 , 5896
4898 , 5897
4899 , 5898
4900 , 5899
4901 , 5900
4902 , 5901
4903 , 5902
4904 , 5903
4905 , 5904
4906 , 5905
4907 , 5906
4908 , 5907
4909 , 5908
4910 , 5909
4911 , 5910
4912 , 5911
4913 , 5912
4914 , 5913
4915 , 5914
4916 , 5915
4917 , 5916
4918 , 5917
4919 , 5918
4920 , 5919
4921 , 5920
4922 , 5921
4923 , 5922
4924 , 5923
4925 , 5924
4926 , 5925
4927 , 5926
4928 , 5927
4929 , 5928
4930 , 5929
4931 , 5930
4932 , 5931
4933 , 5932
4934 , 5933
4935 , 5934
4936 , 5935
4937 , 5936
4938 , 5937
4939 , 5938
4940 , 5939
4941 , 5940
4942 , 5941
4943 , 5942
4944 , 5943
4945 , 5944
4946 , 5945
4947 , 5946
4948 , 5947
4949 , 5948
4950 , 5949
4951 , 5950
4952 , 5951
4953 , 5952
4954 , 5953
4955 , 5954
4956 , 5955
4957 , 5956
4958 , 5957
4959 , 5958
4960 , 5959
4961 , 5960
4962 , 5961
4963 , 5962
4964 , 5963
4965 , 5964
4966 , 5965
4967 , 5966
4968 , 5967
4969 , 5968
4970 , 5969
4971 , 5970
4972 , 5971
4973 , 5972
4974 , 5973
4975 , 5974
4976 , 5975
4977 , 5976
4978 , 5977
4979 , 5978
4980 , 5979
4981 , 5980
4982 , 5981
4983 , 5982
4984 , 5983
4985 , 5984
4986 , 5985
4987 , 5986
4988 , 5987
4989 , 5988
4990 , 5989
4991 , 5990
4992 , 5991
4993 , 5992
4994 , 5993
4995 , 5994
4996 , 5995
4997 , 5996
4998 , 5997
4999 , 5998
5000 , 5999
5001 , 6000
5002 , 6001
5003 , 6002
5004 , 6003
5005 , 6004
5006 , 6005
5007 , 6006
5008 , 6007
5009 , 6008
5010 , 6009
5011 , 6010
5012 , 6011
5013 , 6012
5014 , 6013
5015 , 6014
5016 , 6015
5017 , 6016
5018 , 6017
5019 , 6018
5020 , 6019
5021 , 6020
5022 , 6021
5023 , 6022
5024 , 6023
5025 , 6024
5026 , 6025
5027 , 6026
5028 , 6027
5029 , 6028
5030 , 6029
5031 , 6030
5032 , 6031
5033 , 6032
5034 , 6033
5035 , 6034
5036 , 6035
5037 , 6036
5038 , 6037
5039 , 6038
5040 , 6039
5041 , 6040
5042 , 6041
5043 , 6042
5044 , 6043
5045 , 6044
5046 , 6045
5047 , 6046
5048 , 6047
5049 , 6048
5050 , 6049
5051 , 6050
5052 , 6051
5053 , 6052
5054 , 6053
5055 , 6054
5056 , 6055
5057 , 6056
5058 , 6057
5059 , 6058
5060 , 6059
5061 , 6060
5062 , 6061
5063 , 6062
5064 , 6063
5065 , 6064
5066 , 6065
5067 , 6066
5068 , 6067
5069 , 6068
5070 , 6069
5071 , 6070
5072 , 6071
5073 , 6072
5074 , 6073
5075 , 6074
5076 , 6075
5077 , 6076
5078 , 6077
5079 , 6078
5080 , 6079
5081 , 6080
5082 , 6081
5083 , 6082
5084 , 6083
5085 , 6084
5086 , 6085
5087 , 6086
5088 , 6087
5089 , 6088
5090 , 6089
5091 , 6090
5092 , 6091
5093 , 6092
5094 , 6093
5095 , 6094
5096 , 6095
5097 , 6096
5098 , 6097
5099 , 6098
5100 , 6099
5101 , 6100
5102 , 6101
5103 , 6102
5104 , 6103
5105 , 6104
5106 , 6105
5107 , 6106
5108 , 6107
5109 , 6108
5110 , 6109
5111 , 6110
5112 , 6111
5113 , 6112
5114 , 6113
5115 , 6114
5116 , 6115
5117 , 6116
5118 , 6117
5119 , 6118
5120 , 6119
5121 , 6120
5122 , 6121
5123 , 6122
5124 , 6123
5125 , 6124
5126 , 6125
5127 , 6126
5128 , 6127
5129 , 6128
5130 , 6129
5131 , 6130
5132 , 6131
5133 , 6132
5134 , 6133
5135 , 6134
5136 , 6135
5137 , 6136
5138 , 6137
5139 , 6138
5140 , 6139
5141 , 6140
5142 , 6141
5143 , 6142
5144 , 6143
5145 , 6144
5146 , 6145
5147 , 6146
5148 , 6147
5149 , 6148
5150 , 6149
5151 , 6150
5152 , 6151
5153 , 6152
5154 , 6153
5155 , 6154
5156 , 6155
5157 , 6156
5158 , 6157
5159 , 6158
5160 , 6159
5161 , 6160
5162 , 6161
5163 , 6162
5164 , 6163
5165 , 6164
5166 , 6165
5167 , 6166
5168 , 6167
5169 , 6168
5170 , 6169
5171 , 6170
5172 , 6171
5173 , 6172
5174 , 6173
5175 , 6174
5176 , 6175
5177 , 6176
5178 , 6177
5179 , 6178
5180 , 6179
5181 , 6180
5182 , 6181
5183 , 6182
5184 , 6183
5185 , 6184
5186 , 6185
5187 , 6186
5188 , 6187
5189 , 6188
5190 , 6189
5191 , 6190
5192 , 6191
5193 , 6192
5194 , 6193
5195 , 6194
5196 , 6195
5197 , 6196
5198 , 6197
5199 , 6198
5200 , 6199
5201 , 6200
5202 , 6201
5203 , 6202
5204 , 6203
5205 , 6204
5206 , 6205
5207 , 6206
5208 , 6207
5209 , 6208
5210 , 6209
5211 , 6210
5212 , 6211
5213 , 6212
5214 , 6213
5215 , 6214
5216 , 6215
5217 , 6216
5218 , 6217
5219 , 6218
5220 , 6219
5221 , 6220
5222 , 6221
5223 , 6222
5224 , 6223
5225 , 6224
5226 , 6225
5227 , 6226
5228 , 6227
5229 , 6228
5230 , 6229
5231 , 6230
5232 , 6231
5233 , 6232
5234 , 6233
5235 , 6234
5236 , 6235
5237 , 6236
5238 , 6237
5239 , 6238
5240 , 6239
5241 , 6240
5242 , 6241
5243 , 6242
5244 , 6243
5245 , 6244
5246 , 6245
5247 , 6246
5248 , 6247
5249 , 6248
5250 , 6249
5251 , 6250
5252 , 6251
5253 , 6252
5254 , 6253
5255 , 6254
5256 , 6255
5257 , 6256
5258 , 6257
5259 , 6258
5260 , 6259
5261 , 6260
5262 , 6261
5263 , 6262
5264 , 6263
5265 , 6264
5266 , 6265
5267 , 6266
5268 , 6267
5269 , 6268
5270 , 6269
5271 , 6270
5272 , 6271
5273 , 6272
5274 , 6273
5275 , 6274
5276 , 6275
5277 , 6276
5278 , 6277
5279 , 6278
5280 , 6279
5281 , 6280
5282 , 6281
5283 , 6282
5284 , 6283
5285 , 6284
5286 , 6285
5287 , 6286
5288 , 6287
5289 , 6288
5290 , 6289
5291 , 6290
5292 , 6291
5293 , 6292
5294 , 6293
5295 , 6294
5296 , 6295
5297 , 6296
5298 , 6297
5299 , 6298
5300 , 6299
5301 , 6300
5302 , 6301
5303 , 6302
5304 , 6303
5305 , 6304
5306 , 6305
5307 , 6306
5308 , 6307
5309 , 6308
5310 , 6309
5311 , 6310
5312 , 6311
5313 , 6312
5314 , 6313
5315 , 6314
5316 , 6315
5317 , 6316
5318 , 6317
5319 , 6318
5320 , 6319
5321 , 6320
5322 , 6321
5323 , 6322
5324 , 6323
5325 , 6324
5326 , 6325
5327 , 6326
5328 , 6327
5329 , 6328
5330 , 6329
5331 , 6330
5332 , 6331
5333 , 6332
5334 , 6333
5335 , 6334
5336 , 6335
5337 , 6336
5338 , 6337
5339 , 6338
5340 , 6339
5341 , 6340
5342 , 6341
5343 , 6342
5344 , 6343
5345 , 6344
5346 , 6345
5347 , 6346
5348 , 6347
5349 , 6348
5350 , 6349
5351 , 6350
5352 , 6351
5353 , 6352
5354 , 6353
5355 , 6354
5356 , 6355
5357 , 6356
5358 , 6357
5359 , 6358
5360 , 6359
5361 , 6360
5362 , 6361
5363 , 6362
5364 , 6363
5365 , 6364
5366 , 6365
5367 , 6366
5368 , 6367
5369 , 6368
5370 , 6369
5371 , 6370
5372 , 6371
5373 , 6372
5374 , 6373
5375 , 6374
5376 , 6375
5377 , 6376
5378 , 6377
5379 , 6378
5380 , 6379
5381 , 6380
5382 , 6381
5383 , 6382
5384 , 6383
5385 , 6384
5386 , 6385
5387 , 6386
5388 , 6387
5389 , 6388
5390 , 6389
5391 , 6390
5392 , 6391
5393 , 6392
5394 , 6393
5395 , 6394
5396 , 6395
5397 , 6396
5398 , 6397
5399 , 6398
5400 , 6399
5401 , 6400
5402 , 6401
5403 , 6402
5404 , 6403
5405 , 6404
5406 , 6405
5407 , 6406
5408 , 6407
5409 , 6408
5410 , 6409
5411 , 6410
5412 , 6411
5413 , 6412
5414 , 6413
5415 , 6414
5416 , 6415
5417 , 6416
5418 , 6417
5419 , 6418
5420 , 6419
5421 , 6420
5422 , 6421
5423 , 6422
5424 , 6423
5425 , 6424
5426 , 6425
5427 , 6426
5428 , 6427
5429 , 6428
5430 , 6429
5431 , 6430
5432 , 6431
5433 , 6432
5434 , 6433
5435 , 6434
5436 , 6435
5437 , 6436
5438 , 6437
5439 , 6438
5440 , 6439
5441 , 6440
5442 , 6441
5443 , 6442
5444 , 6443
5445 , 6444
5446 , 6445
5447 , 6446
5448 , 6447
5449 , 6448
5450 , 6449
5451 , 6450
5452 , 6451
5453 , 6452
5454 , 6453
5455 , 6454
5456 , 6455
5457 , 6456
5458 , 6457
5459 , 6458
5460 , 6459
5461 , 6460
5462 , 6461
5463 , 6462
5464 , 6463
5465 , 6464
5466 , 6465
5467 , 6466
5468 , 6467
5469 , 6468
5470 , 6469
5471 , 6470
5472 , 6471
5473 , 6472
5474 , 6473
5475 , 6474
5476 , 6475
5477 , 6476
5478 , 6477
5479 , 6478
5480 , 6479
5481 , 6480
5482 , 6481
5483 , 6482
5484 , 6483
5485 , 6484
5486 , 6485
5487 , 6486
5488 , 6487
5489 , 6488
5490 , 6489
5491 , 6490
5492 , 6491
5493 , 6492
5494 , 6493
5495 , 6494
5496 , 6495
5497 , 6496
5498 , 6497
5499 , 6498
5500 , 6499
5501 , 6500
5502 , 6501
5503 , 6502
5504 , 6503
5505 , 6504
5506 , 6505
5507 , 6506
5508 , 6507
5509 , 6508
5510 , 6509
5511 , 6510
5512 , 6511
5513 , 6512
5514 , 6513
5515 , 6514
5516 , 6515
5517 , 6516
5518 , 6517
5519 , 6518
5520 , 6519
5521 , 6520
5522 , 6521
5523 , 6522
5524 , 6523
5525 , 6524
5526 , 6525
5527 , 6526
5528 , 6527
5529 , 6528
5530 , 6529
5531 , 6530
5532 , 6531
5533 , 6532
5534 , 6533
5535 , 6534
5536 , 6535
5537 , 6536
5538 , 6537
5539 , 6538
5540 , 6539
5541 , 6540
5542 , 6541
5543 , 6542
5544 , 6543
5545 , 6544
5546 , 6545
5547 , 6546
5548 , 6547
5549 , 6548
5550 , 6549
5551 , 6550
5552 , 6551
5553 , 6552
5554 , 6553
5555 , 6554
5556 , 6555
5557 , 6556
5558 , 6557
5559 , 6558
5560 , 6559
5561 , 6560
5562 , 6561
5563 , 6562
5564 , 6563
5565 , 6564
5566 , 6565
5567 , 6566
5568 , 6567
5569 , 6568
5570 , 6569
5571 , 6570
5572 , 6571
5573 , 6572
5574 , 6573
5575 , 6574
5576 , 6575
5577 , 6576
5578 , 6577
5579 , 6578
5580 , 6579
5581 , 6580
5582 , 6581
5583 , 6582
5584 , 6583
5585 , 6584
5586 , 6585
5587 , 6586
5588 , 6587
5589 , 6588
5590 , 6589
5591 , 6590
5592 , 6591
5593 , 6592
5594 , 6593
5595 , 6594
5596 , 6595
5597 , 6596
5598 , 6597
5599 , 6598
5600 , 6599
5601 , 6600
5602 , 6601
5603 , 6602
5604 , 6603
5605 , 6604
5606 , 6605
5607 , 6606
5608 , 6607
5609 , 6608
5610 , 6609
5611 , 6610
5612 , 6611
5613 , 6612
5614 , 6613
5615 , 6614
5616 , 6615
5617 , 6616
5618 , 6617
5619 , 6618
5620 , 6619
5621 , 6620
5622 , 6621
5623 , 6622
5624 , 6623
5625 , 6624
5626 , 6625
5627 , 6626
5628 , 6627
5629 , 6628
5630 , 6629
5631 , 6630
5632 , 6631
5633 , 6632
5634 , 6633
5635 , 6634
5636 , 6635
5637 , 6636
5638 , 6637
5639 , 6638
5640 , 6639
5641 , 6640
5642 , 6641
5643 , 6642
5644 , 6643
5645 , 6644
5646 , 6645
5647 , 6646
5648 , 6647
5649 , 6648
5650 , 6649
5651 , 6650
5652 , 6651
5653 , 6652
5654 , 6653
5655 , 6654
5656 , 6655
5657 , 6656
5658 , 6657
5659 , 6658
5660 , 6659
5661 , 6660
5662 , 6661
5663 , 6662
5664 , 6663
5665 , 6664
5666 , 6665
5667 , 6666
5668 , 6667
5669 , 6668
5670 , 6669
5671 , 6670
5672 , 6671
5673 , 6672
5674 , 6673
5675 , 6674
5676 , 6675
5677 , 6676
5678 , 6677
5679 , 6678
5680 , 6679
5681 , 6680
5682 , 6681
5683 , 6682
5684 , 6683
5685 , 6684
5686 , 6685
5687 , 6686
5688 , 6687
5689 , 6688
5690 , 6689
5691 , 6690
5692 , 6691
5693 , 6692
5694 , 6693
5695 , 6694
5696 , 6695
5697 , 6696
5698 , 6697
5699 , 6698
5700 , 6699
5701 , 6700
5702 , 6701
5703 , 6702
5704 , 6703
5705 , 6704
5706 , 6705
5707 , 6706
5708 , 6707
5709 , 6708
5710 , 6709
5711 , 6710
5712 , 6711
5713 , 6712
5714 , 6713
5715 , 6714
5716 , 6715
5717 , 6716
5718 , 6717
5719 , 6718
5720 , 6719
5721 , 6720
5722 , 6721
5723 , 6722
5724 , 6723
5725 , 6724
5726 , 6725
5727 , 6726
5728 , 6727
5729 , 6728
5730 , 6729
5731 , 6730
5732 , 6731
5733 , 6732
5734 , 6733
5735 , 6734
5736 , 6735
5737 , 6736
5738 , 6737
5739 , 6738
5740 , 6739
5741 , 6740
5742 , 6741
5743 , 6742
5744 , 6743
5745 , 6744
5746 , 6745
5747 , 6746
5748 , 6747
5749 , 6748
5750 , 6749
5751 , 6750
5752 , 6751
5753 , 6752
5754 , 6753
5755 , 6754
5756 , 6755
5757 , 6756
5758 , 6757
5759 , 6758
5760 , 6759
5761 , 6760
5762 , 6761
5763 , 6762
5764 , 6763
5765 , 6764
5766 , 6765
5767 , 6766
5768 , 6767
5769 , 6768
5770 , 6769
5771 , 6770
5772 , 6771
5773 , 6772
5774 , 6773
5775 , 6774
5776 , 6775
5777 , 6776
5778 , 6777
5779 , 6778
5780 , 6779
5781 , 6780
5782 , 6781
5783 , 6782
5784 , 6783
5785 , 6784
5786 , 6785
5787 , 6786
5788 , 6787
5789 , 6788
5790 , 6789
5791 , 6790
5792 , 6791
5793 , 6792
5794 , 6793
5795 , 6794
5796 , 6795
5797 , 6796
5798 , 6797
5799 , 6798
5800 , 6799
5801 , 6800
5802 , 6801
5803 , 6802
5804 , 6803
5805 , 6804
5806 , 6805
5807 , 6806
5808 , 6807
5809 , 6808
5810 , 6809
5811 , 6810
5812 , 6811
5813 , 6812
5814 , 6813
5815 , 6814
5816 , 6815
5817 , 6816
5818 , 6817
5819 , 6818
5820 , 6819
5821 , 6820
5822 , 6821
5823 , 6822
5824 , 6823
5825 , 6824
5826 , 6825
5827 , 6826
5828 , 6827
5829 , 6828
5830 , 6829
5831 , 6830
5832 , 6831
5833 , 6832
5834 , 6833
5835 , 6834
5836 , 6835
5837 , 6836
5838 , 6837
5839 , 6838
5840 , 6839
5841 , 6840
5842 , 6841
5843 , 6842
5844 , 6843
5845 , 6844
5846 , 6845
5847 , 6846
5848 , 6847
5849 , 6848
5850 , 6849
5851 , 6850
5852 , 6851
5853 , 6852
5854 , 6853
5855 , 6854
5856 , 6855
5857 , 6856
5858 , 6857
5859 , 6858
5860 , 6859
5861 , 6860
5862 , 6861
5863 , 6862
5864 , 6863
5865 , 6864
5866 , 6865
5867 , 6866
5868 , 6867
5869 , 6868
5870 , 6869
5871 , 6870
5872 , 6871
5873 , 6872
5874 , 6873
5875 , 6874
5876 , 6875
5877 , 6876
5878 , 6877
5879 , 6878
5880 , 6879
5881 , 6880
5882 , 6881
5883 , 6882
5884 , 6883
5885 , 6884
5886 , 6885
5887 , 6886
5888 , 6887
5889 , 6888
5890 , 6889
5891 , 6890
5892 , 6891
5893 , 6892
5894 , 6893
5895 , 6894
5896 , 6895
5897 , 6896
5898 , 6897
5899 , 6898
5900 , 6899
5901 , 6900
5902 , 6901
5903 , 6902
5904 , 6903
5905 , 6904
5906 , 6905
5907 , 6906
5908 , 6907
5909 , 6908
5910 , 6909
5911 , 6910
5912 , 6911
5913 , 6912
5914 , 6913
5915 , 6914
5916 , 6915
5917 , 6916
5918 , 6917
5919 , 6918
5920 , 6919
5921 , 6920
5922 , 6921
5923 , 6922
5924 , 6923
5925 , 6924
5926 , 6925
5927 , 6926
5928 , 6927
5929 , 6928
5930 , 6929
5931 , 6930
5932 , 6931
5933 , 6932
5934 , 6933
5935 , 6934
5936 , 6935
5937 , 6936
5938 , 6937
5939 , 6938
5940 , 6939
5941 , 6940
5942 , 6941
5943 , 6942
5944 , 6943
5945 , 6944
5946 , 6945
5947 , 6946
5948 , 6947
5949 , 6948
5950 , 6949
5951 , 6950
5952 , 6951
5953 , 6952
5954 , 6953
5955 , 6954
5956 , 6955
5957 , 6956
5958 , 6957
5959 , 6958
5960 , 6959
5961 , 6960
5962 , 6961
5963 , 6962
5964 , 6963
5965 , 6964
5966 , 6965
5967 , 6966
5968 , 6967
5969 , 6968
5970 , 6969
5971 , 6970
5972 , 6971
5973 , 6972
5974 , 6973
5975 , 6974
5976 , 6975
5977 , 6976
5978 , 6977
5979 , 6978
5980 , 6979
5981 , 6980
5982 , 6981
5983 , 6982
5984 , 6983
5985 , 6984
5986 , 6985
5987 , 6986
5988 , 6987
5989 , 6988
5990 , 6989
5991 , 6990
5992 , 6991
5993 , 6992
5994 , 6993
5995 , 6994
5996 , 6995
5997 , 6996
5998 , 6997
5999 , 6998
6000 , 6999
8000 , 9618
8001 , 9646
8002 , 9645
8003 , 9643
8004 , 9642
8005 , 9641
8006 , 9654
8007 , 9655
8008 , 9626
8009 , 9660
8010 , 9661
8011 , 9627
8012 , 9644
8013 , 9628
8014 , 9629
8015 , 9630
8016 , 9554
8017 , 9555
8018 , 9556
8019 , 9557
8020 , 9558
8021 , 9568
8022 , 9569
8023 , 9570
8024 , 9539
8025 , 9585
8026 , 9540
8027 , 9541
8028 , 9526
8029 , 9598
8030 , 9599
8031 , 9607
8032 , 9608
8033 , 9609
8500 , 9559
8501 , 9560
8502 , 9561
8503 , 9562
8750 , 9504
8751 , 9508
8752 , 9509
8753 , 9503
8754 , 9501
8755 , 9502
8756 , 9507
8757 , 9500
8758 , 9505
8759 , 9506
8760 , 9527
8761 , 9528
8762 , 9529
8763 , 9530
8764 , 9531
8765 , 9532
8766 , 9600
8767 , 9601
8768 , 9610
8769 , 9611
8770 , 9612
8771 , 9613
8772 , 9615
8773 , 9614
8774 , 9602
9000 , 9518
9001 , 9519
9002 , 9520
9003 , 9510
9004 , 9571
9005 , 9572
9006 , 9586
9007 , 9587
9008 , 9588
9009 , 9589
9010 , 9590
9011 , 9591
9012 , 9542
9013 , 9543
9014 , 9544
9015 , 9545
9016 , 9664
9250 , 9573
9251 , 9574
9252 , 9575
9253 , 9576
9254 , 9577
9255 , 9592
9256 , 9546
9257 , 9547
9500 , 9578
9501 , 9579
9750 , 9403
9751 , 9402
9763 , 9404
9764 , 9400
9765 , 9401
